20160108_154910.jpg 1 396 1266 484 244
20160108_155036.jpg 1 1410 1172 109 47
20160108_151937.jpg 4 633 1181 551 292 1779 974 143 82 1980 998 164 62 2502 974 227 88
20160108_152344.jpg 2 1986 809 460 225 1061 1011 911 397
20160108_151659.jpg 4 2132 1105 164 66 1092 1105 181 90 802 1144 199 75 1370 1137 278 143
20160108_152151.jpg 5 36 996 180 88 295 976 149 66 541 972 151 60 805 941 133 75 1329 911 125 68
20160108_154950.jpg 3 722 1192 325 170 1734 1172 186 79 1912 1142 182 64
20160108_160019.jpg 2 607 1142 229 135 2267 1226 351 158
20160108_160157.jpg 4 437 1118 160 79 1275 1059 312 144 1851 1092 328 153 2326 1059 321 138
20160108_154959.jpg 4 1566 1018 204 101 1340 939 145 82 652 1068 363 186 263 946 184 90
20160108_151849.jpg 1 628 1118 291 133
20160108_155238.jpg 3 2167 1172 184 77 91 1168 221 90 996 1159 99 44
20160108_155004.jpg 3 565 1157 212 120 1538 1207 177 81 1825 1187 177 82
20160108_160117.jpg 3 822 909 221 118 1135 909 180 68 1919 965 281 108
20160108_152157.jpg 5 2837 878 169 60 2604 874 145 62 2384 881 147 72 1980 887 123 58 620 1100 538 358
20160108_155550.jpg 1 1081 1194 417 157
20160108_155007.jpg 3 726 1170 454 214 1394 1118 171 83 1923 1159 321 149
20160108_155150.jpg 1 261 1155 105 42
20160108_160045.jpg 4 350 898 273 142 763 894 160 77 1085 933 286 105 1344 883 195 86
20160108_151245.jpg 3 585 1037 606 251 1481 1007 426 207 2058 907 391 216
20160108_160016.jpg 3 567 861 119 64 330 948 169 81 1392 1002 225 114
20160108_151931.jpg 4 311 1150 573 275 1066 996 147 64 1127 1122 632 308 2156 1068 630 316
20160108_152112.jpg 3 502 1057 460 220 1238 1076 462 186 2062 983 487 255
20160108_160113.jpg 2 781 1311 273 134 2125 1257 276 125
20160108_152245.jpg 6 530 1072 191 94 826 1118 184 59 1107 1070 164 88 1442 1120 238 114 1816 1139 193 97 2550 1242 429 194
20160108_151906.jpg 2 470 828 142 51 1059 957 628 362
20160108_155208.jpg 2 483 1129 218 98 2036 1152 154 80
20160108_151651.jpg 2 158 1161 206 84 443 1111 184 82
20160108_155213.jpg 1 2587 1246 266 129
20160108_160100.jpg 4 1037 1074 267 127 1688 1037 156 77 2139 1020 148 70 2408 1022 273 129
20160108_151204.jpg 3 755 1335 431 225 1919 1274 192 112 1980 1133 127 66
20160108_152219.jpg 3 28 743 162 73 1103 759 133 55 1688 1061 763 360
20160108_155024.jpg 5 626 1237 456 217 1244 1144 153 81 1703 1107 86 49 2041 1118 146 68 2689 1118 460 229
20160108_160322.jpg 2 2676 1120 188 86 1212 1083 310 168
20160108_154803.jpg 4 174 1144 199 92 524 1033 88 40 800 1185 504 249 2271 1211 286 145
20160108_152232.jpg 3 280 811 204 66 567 759 186 92 816 815 148 62
20160108_155539.jpg 1 837 1048 347 129
20160108_120607.jpg 1 1227 904 258 84
20160108_151253.jpg 1 1908 946 538 288
20160108_154806.jpg 4 152 1113 299 149 613 1072 177 86 1048 1120 397 201 2167 1111 364 173
20160108_152057.jpg 2 820 1120 358 134 1904 1044 296 149
20160108_151648.jpg 4 1124 1081 156 72 1497 1111 314 158 2334 1055 204 85 2652 1026 182 88
20160108_152228.jpg 5 374 720 147 61 1029 722 127 59 1183 770 182 70 1433 739 117 56 2548 726 164 86
20160108_152051.jpg 2 683 1172 308 123 1745 1109 366 168
20160108_160049.jpg 3 1209 989 169 75 1418 1020 330 144 985 978 130 62
20160108_154738.jpg 4 1862 1224 251 110 977 1124 203 86 546 1181 299 170 21 1035 178 86
20160108_152009.jpg 2 881 1078 238 78 1499 1120 301 151
20160108_160025.jpg 1 239 900 708 317
20160108_155120.jpg 1 1862 1220 293 118
20160108_154936.jpg 3 2149 1002 1085 630 1159 1105 202 85 422 1048 355 169
20160108_151241.jpg 5 685 1266 632 286 154 822 182 103 774 854 208 110 1473 889 218 125 1610 1246 571 338
20160108_152145.jpg 1 2411 1037 492 188
20160108_151709.jpg 1 1401 959 303 164
20160108_151916.jpg 4 1679 1233 356 186 2228 1298 486 236 2937 1105 132 46 2184 1120 130 44
20160108_151920.jpg 4 413 1161 480 264 1207 1150 352 199 2515 1100 140 60 2763 1107 201 86
20160108_155015.jpg 2 678 1148 165 82 1009 1109 186 99
20160108_151551.jpg 1 887 1120 269 144
20160108_154917.jpg 2 493 1235 524 262 2032 1165 397 186
20160108_152015.jpg 2 2054 1139 336 156 1196 1124 267 132
20160108_151633.jpg 5 1159 1013 332 153 1999 1007 526 196 705 987 281 140 2709 998 238 105 3024 1009 197 75
20160108_160043.jpg 1 2328 1013 251 106
20160108_152224.jpg 2 2484 683 143 61 1270 1002 558 271
20160108_152114.jpg 3 1259 872 178 88 1710 1011 440 238 2384 972 493 210
20160108_152044.jpg 1 2139 978 397 180
20160108_151232.jpg 1 1912 963 517 319
20160108_154931.jpg 3 28 976 530 249 887 1102 193 64 1634 1015 573 243
20160108_152000.jpg 2 1738 1022 247 110 1405 948 230 136
20160108_151642.jpg 7 280 918 275 140 1116 874 147 68 1571 874 170 79 1608 983 590 288 2347 852 202 88 3007 844 238 90 2637 904 395 182
20160108_154733.jpg 3 2165 1296 371 182 1899 1270 188 108 1392 1266 447 246
20160108_152159.jpg 5 831 1046 194 92 1029 1007 107 49 1127 1046 190 88 1664 1013 93 38 2273 1020 310 160
20160108_151945.jpg 1 1340 1026 850 478
20160108_151517.jpg 6 291 1120 277 107 1982 922 121 73 1655 926 102 58 1790 933 125 64 1536 928 97 54 1396 928 91 51
20160108_151617.jpg 3 237 933 88 33 1055 1005 477 229 2524 1074 595 271
20160108_154752.jpg 4 78 1296 127 66 480 1211 456 243 1575 1205 251 129 2078 1183 688 355
20160108_154942.jpg 2 972 1196 282 147 2080 1129 930 520
20160108_160324.jpg 2 2482 1122 356 145 1958 1120 151 64
20160108_152237.jpg 5 1140 909 120 60 700 946 162 62 1218 950 212 110 1453 896 171 90 2556 922 241 116
20160108_155121.jpg 2 147 1089 735 321 1827 1057 761 373
20160108_151549.jpg 2 1914 1113 556 284 1581 965 206 134
20160108_155240.jpg 3 2337 1192 172 59 1605 1174 101 40 187 1202 212 97
20160108_154857.jpg 3 1279 1272 223 90 1547 1248 190 79 73 1239 143 71
20160108_155512.jpg 1 1477 1185 290 132
20160108_151148.jpg 1 1405 1013 417 221
20160108_151702.jpg 3 1031 1111 192 73 1235 1129 310 140 2454 1105 201 77
20160108_151929.jpg 3 1756 1152 555 269 1090 1133 440 249 461 1137 410 238
20160108_152138.jpg 3 498 1022 223 92 1266 972 210 101 2078 989 364 171
20160108_160315.jpg 3 659 1063 610 317 1477 1087 277 149 2528 1102 227 99
20160108_151622.jpg 4 724 1005 369 201 1749 1142 467 227 2567 1050 273 136 2878 1037 121 60
20160108_160056.jpg 3 1059 1031 162 77 158 1007 210 116 622 998 151 68
20160108_155504.jpg 4 2474 1187 477 193 1288 1150 262 127 435 1211 277 123 1692 1098 139 66
20160108_154841.jpg 4 354 1242 308 144 833 1246 264 125 1527 1179 460 233 2646 1152 281 130
20160108_152024.jpg 2 2025 1094 291 136 981 1076 338 154
20160108_151922.jpg 3 1418 1329 130 64 1645 1329 186 81 1938 1340 191 85
20160108_151839.jpg 1 881 1137 715 338
20160108_155013_001.jpg 2 726 1100 201 99 1175 1048 244 125
20160108_151700.jpg 1 2515 974 138 71
20160108_155511.jpg 3 1159 1192 156 66 1577 1239 260 115 10 1266 265 127
20160108_151912.jpg 6 1153 1033 107 42 1327 1213 425 219 613 1211 447 210 1977 1159 361 182 2347 1026 165 73 474 1085 162 55
20160108_154856.jpg 5 285 1274 116 56 937 1303 182 79 1212 1287 138 62 2012 1296 228 108 1658 1309 196 88
20160108_151538.jpg 1 169 678 130 51
20160108_120604.jpg 4 409 1359 320 151 909 1368 306 160 1405 1405 334 138 3028 1309 149 71
20160108_160108.jpg 2 1473 1083 153 64 2208 1089 140 58
20160108_151714.jpg 2 2883 952 271 90 1779 920 152 79
20160108_151243.jpg 3 1305 700 77 42 1090 1098 643 312 1934 1068 521 218
20160108_154740.jpg 4 352 1296 499 249 931 1233 410 199 1307 1161 186 86 2297 1220 489 253
20160108_154852.jpg 3 842 1148 133 55 1064 1165 253 99 2391 1055 499 225
20160108_152037.jpg 1 1956 1007 303 138
20160108_155603.jpg 3 889 974 154 82 2830 946 121 62 594 970 190 77
20160108_152337.jpg 1 1486 1057 908 532
20160108_151157.jpg 3 992 1224 654 358 2321 1081 141 72 2230 1211 253 125
20160108_151536.jpg 3 1588 981 138 70 1769 1009 153 62 2149 1002 199 84
20160108_151713.jpg 3 248 815 188 93 1349 861 203 75 1788 944 628 305
20160108_152212.jpg 3 530 983 162 75 1721 1018 316 172 1259 1072 182 79
20160108_151943.jpg 3 1851 976 162 86 2069 1013 186 71 2593 996 286 118
20160108_154845.jpg 2 2202 1268 294 146 1627 1257 273 118
20160108_160122.jpg 3 948 1165 180 75 1386 1124 173 86 2284 1048 724 338
20160108_152255.jpg 4 2480 1061 119 51 1921 1059 184 101 1564 1028 190 112 1386 976 120 73
20160108_151626.jpg 2 1714 931 343 205 2084 1083 676 323
20160108_154919.jpg 2 252 1231 469 240 1244 1115 269 130
20160108_152204.jpg 10 3105 998 146 58 2726 1009 129 57 2330 1028 114 41 2139 1072 214 90 1479 1120 439 212 1214 1085 186 88 983 1083 177 83 798 1098 132 60 620 1092 123 64 332 1055 95 53
20160108_154854.jpg 4 2223 1185 271 119 1699 1196 223 88 1055 1172 208 82 1259 1159 171 75
20160108_151629.jpg 2 624 1011 169 82 1103 1009 131 66
20160108_151237.jpg 7 330 881 238 107 1092 896 212 110 1436 944 194 81 1181 1224 510 206 1860 1172 434 232 2585 1233 392 138 2212 924 184 90
20160108_151211.jpg 1 2332 1118 402 227
20160108_160319.jpg 2 2171 1200 828 386 446 937 120 55
20160108_160040.jpg 2 1092 1063 236 117 1897 1046 188 75
20160108_154929.jpg 2 45 1070 717 301 1890 1209 646 269
20160108_151420.jpg 1 829 1059 268 103
20160108_155114.jpg 1 241 1220 338 153
20160108_151705.jpg 1 672 1113 214 84
20160108_151616.jpg 4 654 1046 165 70 476 1059 195 90 953 1135 462 227 1573 1172 399 179
20160108_151141.jpg 1 1159 994 528 242
20160108_152043.jpg 2 2049 968 393 188 955 974 336 173
20160108_160051.jpg 2 805 1185 157 86 2186 1248 587 236
20160108_152104.jpg 2 422 1137 403 193 1651 1085 308 155
20160108_155456.jpg 4 145 1226 354 158 937 1233 339 131 1793 1194 299 125 2419 1133 334 136
20160108_154901.jpg 2 110 941 456 245 676 944 210 114
20160108_154843.jpg 1 522 1194 218 103
20160108_154837.jpg 2 807 1259 338 171 1699 1257 240 86
20160108_155534.jpg 3 578 1174 223 121 981 1161 238 108 2356 1211 438 169
20160108_151918.jpg 6 1379 1089 180 77 132 1250 510 208 937 1229 428 205 1597 1229 318 98 2012 1111 141 55 2263 1242 475 255
20160108_151649.jpg 5 2465 941 155 91 2236 978 160 67 626 965 180 88 245 1000 226 86 1033 1115 654 339
20160108_152127.jpg 2 844 1152 301 167 1305 1139 275 145
20160108_151357.jpg 2 979 1007 201 103 1292 981 206 122
20160108_154831.jpg 1 335 1255 266 136
20160108_151153.jpg 2 1838 996 447 271 2352 1005 103 59
20160108_151250.jpg 4 463 989 386 173 972 994 460 212 1653 1035 515 210 2408 1078 628 228
20160108_152316.jpg 1 406 1174 345 188
20160108_152003.jpg 3 2180 852 177 75 1414 1039 286 123 467 978 186 78
20160108_160039.jpg 2 1608 1157 379 203 2256 1205 340 127
20160108_152329.jpg 1 2154 989 547 238
20160108_154726.jpg 3 1558 1237 122 64 1871 1257 184 90 1803 1226 56 34
20160108_151400.jpg 1 2245 937 256 129