20160107_110741.jpg 3 2591 1255 301 175 2134 1272 354 169 1501 1152 160 78
20160107_102740.jpg 1 820 939 612 308
20160107_104538.jpg 1 1849 1063 486 247
20160107_111444.jpg 3 2397 1229 417 199 2004 1303 297 138 1601 1346 256 119
20160107_104722.jpg 3 1529 926 576 249 2382 937 606 243 805 717 166 78
20160107_110533.jpg 4 539 1059 397 197 1142 1061 295 162 1997 1052 186 141 3065 1039 160 80
20160107_104939.jpg 3 889 1226 445 245 1566 1200 506 260 2330 1292 612 305
20160107_101528.jpg 1 1294 1179 136 53
20160107_105619.jpg 2 2461 1283 405 162 2025 1300 188 62
20160107_110545.jpg 4 278 1285 441 197 992 1285 379 156 1547 1244 290 136 1986 1220 241 123
20160107_104536.jpg 3 870 1146 491 227 1756 1148 484 206 2450 1161 460 180
20160107_105017.jpg 3 570 1107 482 227 1323 1018 481 227 1988 1033 452 216
20160107_103713.jpg 4 367 1072 384 168 748 1039 471 178 1451 1059 423 218 2199 1065 467 223
20160107_110321.jpg 4 1057 1514 251 148 1675 1005 129 64 132 1076 145 64 926 1313 232 121
20160107_104035.jpg 3 93 1037 506 264 855 1044 573 297 1729 1150 469 217
20160107_102904.jpg 1 193 904 1098 628
20160107_101411.jpg 3 1386 878 101 43 2045 904 586 254 2693 878 182 88
20160107_103306.jpg 2 2508 1024 434 243 1986 1022 356 197
20160107_101210.jpg 2 241 1063 819 380 1542 1092 576 225
20160107_101741.jpg 3 489 1094 319 140 944 1078 266 128 1366 1126 221 91
20160107_105818.jpg 1 1705 1146 169 73
20160107_110137.jpg 7 2872 863 240 119 2371 878 236 95 2030 848 201 116 1777 881 182 90 1523 876 166 86 1390 1266 495 270 2404 1350 630 356
20160107_105102.jpg 4 1666 1102 524 254 896 1050 493 240 106 987 534 280 2395 1118 495 220
20160107_103639.jpg 3 674 1013 504 208 1323 983 599 194 2115 1000 484 249
20160107_111329.jpg 6 900 1202 236 102 1283 1218 249 99 1673 1222 227 77 2263 1259 347 166 2783 1205 233 99 1177 1115 155 69
20160107_105050.jpg 4 300 894 527 227 937 854 554 271 1832 909 525 225 2630 876 587 243
20160107_101200.jpg 2 948 1109 608 329 2219 1239 915 360
20160107_111203.jpg 4 596 1061 303 140 1118 1005 155 55 2025 1083 210 94 850 1002 162 69
20160107_104804.jpg 2 985 1044 482 223 1705 1026 337 182
20160107_110933.jpg 4 2276 1150 268 127 1756 1239 357 189 1192 1253 312 185 561 1263 321 195
20160107_104553.jpg 3 145 1063 587 288 1051 1115 527 256 1880 1072 479 262
20160107_102459.jpg 2 2293 1216 351 142 2021 1205 92 38
20160107_102721.jpg 3 1958 1050 464 236 1270 1015 171 82 985 1037 191 86
20160107_111302.jpg 1 1353 1031 299 155
20160107_110837.jpg 3 1303 1342 323 162 1795 1303 366 185 295 1311 197 90
20160107_105845.jpg 2 2217 1120 410 212 1549 1146 242 99
20160107_103900.jpg 1 2321 1300 563 312
20160107_101501.jpg 3 594 1196 560 186 1429 1155 521 188 2210 1144 508 205
20160107_104613.jpg 1 2165 1074 730 347
20160107_101508.jpg 3 326 1176 373 138 868 1089 297 160 1172 1087 169 99
20160107_103755.jpg 1 404 1222 550 282
IMG_1728.jpg 3 500 1247 636 349 481 870 380 179 1451 1276 468 286
20160107_102808.jpg 2 1140 931 194 88 1699 961 86 42
20160107_105019.jpg 2 2452 1033 506 255 1884 1076 358 180
20160107_105822.jpg 2 1418 1126 197 91 2617 1146 199 79
20160107_103237.jpg 4 1055 948 475 221 1747 889 630 249 2580 924 626 271 206 926 476 238
20160107_103831.jpg 3 137 1268 462 157 796 1181 412 197 1346 1063 304 184
20160107_110556.jpg 4 256 1028 567 243 1114 1028 397 210 1736 998 316 182 2293 959 367 199
20160107_103230.jpg 4 2513 944 438 207 1860 950 414 206 1238 946 401 197 617 907 452 207
IMG_1721.jpg 1 2154 1264 398 201
20160107_103921.jpg 3 822 1109 465 253 1505 1074 513 299 2245 1248 493 217
20160107_104033.jpg 3 2088 1124 441 267 1692 1113 306 191 1299 1068 273 172
20160107_103741.jpg 1 2328 1122 510 299
20160107_104941.jpg 3 715 1179 582 264 1553 1155 397 227 2078 1137 338 199
20160107_101711.jpg 3 1377 861 256 92 1766 874 206 95 2075 830 219 121
20160107_101323.jpg 1 1858 894 75 38
20160107_111415.jpg 4 2321 1198 321 171 1734 1155 327 177 1257 1179 321 168 644 1168 373 196
20160107_104646.jpg 1 2400 1011 458 216
20160107_110029.jpg 2 282 1118 530 220 966 1100 371 206
20160107_101518.jpg 2 219 1052 994 510 1686 889 1252 495
20160107_103954.jpg 4 298 1392 484 199 1044 1263 471 249 1799 1313 434 199 2532 1296 493 238
20160107_104843.jpg 1 2043 1159 527 249
20160107_105118.jpg 3 824 898 467 236 1566 933 439 201 2332 937 447 210
20160107_104530.jpg 1 1031 1055 473 225
IMG_1717.jpg 2 2422 1223 633 293 1719 1211 470 263
20160107_101759.jpg 2 152 778 767 360 2202 802 186 99
20160107_102450.jpg 2 1083 1137 204 103 2700 1176 277 123
20160107_104817.jpg 3 108 1092 473 218 868 1074 397 184 1477 1068 330 151
20160107_110851.jpg 3 1005 1322 325 166 1969 1405 408 184 2587 1344 379 214
20160107_105002.jpg 1 2256 928 856 247
20160107_101426.jpg 7 2759 946 151 73 2300 918 127 57 2069 909 140 68 1862 902 127 62 1640 894 132 55 1444 872 136 55 1262 887 127 58
20160107_102754.jpg 3 2071 1044 142 59 2885 1085 323 129 879 1007 403 170
20160107_105046.jpg 1 2004 981 484 203
20160107_101527.jpg 1 2928 907 121 46
20160107_103653.jpg 2 2097 1205 473 229 1662 1179 356 170
20160107_110350.jpg 3 2724 130 282 116 2337 69 233 125 2021 8 216 130
20160107_101338.jpg 3 665 1009 210 101 1932 968 210 116 2413 1020 549 268
20160107_103401.jpg 1 2417 957 569 229
20160107_103334.jpg 1 2167 1024 371 234
20160107_110423.jpg 2 1235 1250 243 123 842 1083 155 99
20160107_102638.jpg 1 1423 1070 212 75
20160107_104845.jpg 3 213 1150 582 249 1064 1096 573 310 1934 1129 591 246
20160107_101458.jpg 3 2591 994 406 166 1803 1024 543 243 981 1050 521 210
20160107_111119.jpg 2 467 1292 408 194 1020 1272 299 156
20160107_102804.jpg 2 1105 1009 303 164 1784 970 295 107
20160107_102445.jpg 2 1164 1192 155 79 2615 1281 256 99
20160107_103759.jpg 1 2461 1105 518 294
20160107_103300.jpg 3 765 978 450 239 1473 1015 497 252 2156 994 469 249
20160107_110028.jpg 3 718 1150 521 251 1555 1150 443 219 2134 1159 382 212
20160107_101850.jpg 2 889 1022 602 297 1921 926 758 312
20160107_105101.jpg 1 1969 1083 458 271
20160107_111331.jpg 3 846 1192 208 88 278 1250 371 184 1390 1196 258 92
20160107_110653.jpg 3 698 1192 456 177 1420 1089 511 245 2171 1161 421 199
20160107_102857.jpg 5 76 1133 336 186 668 1183 296 149 1131 1235 293 116 1625 1148 312 171 2141 1176 344 167
20160107_102748.jpg 3 178 887 599 264 2286 978 230 99 1651 920 84 40
20160107_110755.jpg 2 602 1307 447 242 1138 1165 138 60
20160107_105137.jpg 1 393 1015 489 223
20160107_103820.jpg 5 152 1150 399 206 757 1137 497 267 1497 1192 436 253 2158 1211 478 258 2735 1300 382 210
20160107_102509.jpg 4 198 1279 666 331 1194 1200 101 51 1588 1205 84 35 1747 1207 70 36
20160107_103845.jpg 3 896 1179 467 227 1586 1198 366 182 2034 1181 301 170
20160107_110356.jpg 3 1318 1183 182 101 1018 1266 192 79 713 1268 195 66
20160107_101252.jpg 1 439 983 417 225
20160107_110338.jpg 8 1209 1287 184 71 1090 1505 247 123 622 1535 273 158 130 1540 332 194 1518 1263 165 86 698 1031 169 79 937 1041 128 60 1109 1011 119 71
20160107_102618.jpg 3 1107 1009 162 84 1764 989 117 51 2025 983 132 55
20160107_105814.jpg 1 1795 1174 168 66
20160107_110915.jpg 3 1360 1270 407 155 742 1266 368 162 2156 1159 295 127
20160107_103216.jpg 3 735 926 495 238 1501 974 427 219 2212 915 402 186
20160107_104921.jpg 3 1333 1105 456 220 2117 1181 538 188 587 1089 482 191
20160107_103028.jpg 2 2004 1202 181 99 1390 1172 149 73
20160107_104948.jpg 1 507 1065 697 317
20160107_104439.jpg 8 226 1272 258 116 598 1242 227 116 955 1226 288 119 1351 1279 255 114 1786 1298 234 110 2152 1289 260 115 2471 1326 239 99 2796 1294 236 120
20160107_103252.jpg 3 274 1028 497 234 1053 1015 486 236 1756 1018 518 246
20160107_101257.jpg 1 2552 913 462 232
20160107_105029.jpg 3 641 1092 469 255 1405 1076 458 238 2119 1076 597 260
20160107_101408.jpg 3 1551 894 134 55 1688 907 175 85 2413 972 684 318
20160107_105016.jpg 2 95 1196 523 260 953 1159 460 249
20160107_103044.jpg 1 594 981 133 51
20160107_103348.jpg 2 2585 900 619 314 1751 922 449 253
20160107_102643.jpg 4 846 959 338 160 1366 961 314 158 1869 994 292 151 2313 991 288 154
20160107_110821.jpg 3 987 1172 321 132 424 1268 573 238 145 1074 199 101
20160107_110026.jpg 3 1070 1096 419 212 1808 1094 495 242 2615 1137 593 286
20160107_101326.jpg 4 824 1026 173 93 1055 1052 530 241 1938 1046 180 64 2624 981 636 305
20160107_110655.jpg 4 2393 1233 493 221 1762 1159 354 201 1161 1176 389 195 674 1189 327 169
20160107_101524.jpg 2 887 937 119 49 1096 898 245 121
20160107_111413.jpg 1 1838 1244 258 147
20160107_103433.jpg 3 226 1013 545 277 1064 1015 579 249 1925 931 458 242
20160107_105859.jpg 1 2350 1013 251 121
20160107_101504.jpg 5 235 1013 135 47 332 1074 221 71 683 1024 203 86 931 1011 375 171 1923 1139 560 199
20160107_101213.jpg 2 1064 1115 640 271 2088 1137 831 347
20160107_104815.jpg 4 150 1109 510 208 863 1129 450 188 1564 1078 393 191 2212 1094 413 181
20160107_110115.jpg 2 2326 1020 510 210 1612 937 373 229
IMG_1727.jpg 5 2441 919 736 402 2359 581 436 200 1291 941 704 370 428 970 538 327 418 707 356 154
20160107_103412.jpg 1 2191 957 536 301
20160107_110721.jpg 3 966 1039 362 184 1486 1020 331 175 1949 1022 297 153
IMG_1719.jpg 1 2179 1235 650 329
20160107_111426.jpg 1 413 1129 440 246
20160107_103655.jpg 1 1179 863 164 71
20160107_103435.jpg 1 361 1159 403 162
20160107_101419.jpg 5 1018 1102 264 106 52 1072 116 51 1758 1100 284 97 2121 1068 134 59 189 1078 110 60
20160107_111554.jpg 1 1575 1089 175 67
20160107_104807.jpg 2 2576 1018 556 303 1877 957 406 240
20160107_103757.jpg 3 1875 1083 630 308 1055 1179 519 238 369 1150 511 280
20160107_103444.jpg 3 1636 944 430 244 1081 937 375 223 2308 1015 506 249
20160107_104847.jpg 1 979 889 566 243
20160107_105738.jpg 1 1638 1057 147 73
20160107_102846.jpg 5 846 1033 166 81 1118 1028 160 71 1366 1013 164 80 1623 985 177 90 1884 994 166 81
20160107_104016.jpg 3 2 1196 647 277 918 1129 464 233 1712 1133 358 162
20160107_103724.jpg 2 126 1213 560 232 1024 1200 458 180
20160107_105000.jpg 3 2193 1007 501 273 1499 1035 451 192 411 1013 806 232
20160107_101443.jpg 5 459 1146 255 134 903 1122 238 103 1296 1118 217 109 1664 1107 204 107 2556 1111 698 277
20160107_110051.jpg 3 2461 1111 638 336 1747 1139 453 269 1225 1142 368 216
20160107_103743.jpg 3 239 1303 497 203 1046 1231 476 240 1655 1213 363 208
20160107_102928.jpg 1 624 706 589 317
20160107_104828.jpg 3 1205 1120 414 214 1830 1131 427 201 2515 1113 380 208
20160107_101459.jpg 3 483 1131 484 207 1249 1161 518 177 2084 1089 589 238
20160107_111458.jpg 1 2189 1257 364 188
20160107_103012.jpg 2 637 998 180 66 1403 996 340 140
20160107_110239.jpg 1 1479 1028 214 91
20160107_110641.jpg 4 2450 1172 475 232 1303 1133 299 162 544 1089 236 128 1708 1192 462 146
20160107_104515.jpg 3 2176 1350 551 286 1433 1342 476 216 707 1318 466 210
20160107_102702.jpg 4 735 996 105 44 1192 1028 343 173 1762 1031 284 140 2123 976 302 167
20160107_105745.jpg 2 2622 1235 338 160 2080 1192 120 48
20160107_104706.jpg 2 2228 961 621 245 1553 996 441 168
20160107_110407.jpg 3 1033 1028 160 91 759 1076 160 64 537 1070 145 49
IMG_1726.jpg 1 2563 856 633 336
20160107_111601.jpg 1 1927 954 250 132
20160107_103031.jpg 2 2173 654 1031 539 1042 807 710 410
20160107_105105.jpg 2 792 1113 453 210 1351 1031 332 209
20160107_110331.jpg 5 1468 1374 232 119 1880 1409 268 147 2321 1416 289 153 2780 1496 293 153 2852 998 180 88
20160107_102500.jpg 1 2402 1216 201 85
20160107_103403.jpg 3 678 1076 535 234 1449 1055 464 194 2230 900 597 290
20160107_104834.jpg 4 2036 1235 247 127 1621 1255 262 109 1122 1259 302 105 628 1270 330 125
20160107_103904.jpg 2 319 915 539 282 1066 957 375 173
20160107_103641.jpg 1 385 1005 516 242
20160107_101520.jpg 1 1046 1031 1013 468
20160107_101848_001.jpg 3 2249 1109 648 242 1420 1000 482 284 491 985 495 229
20160107_103843.jpg 3 2021 1105 436 242 1325 1013 449 230 824 989 369 214
20160107_111314.jpg 3 1834 985 403 181 1214 983 358 153 1064 852 140 75
20160107_110315.jpg 5 996 1139 195 91 1645 1176 214 108 1793 1011 162 82 1542 987 162 90 504 976 158 77
20160107_103938.jpg 2 354 1431 671 238 1275 1379 505 201
20160107_104505.jpg 2 846 1024 647 301 1782 1115 438 210
20160107_105130.jpg 2 2454 1061 502 262 1753 1102 460 215
20160107_103722.jpg 4 369 1253 480 231 1109 1250 439 191 1749 1244 473 201 2567 1274 526 186
20160107_105833.jpg 1 583 1142 638 312
20160107_111424.jpg 4 789 1181 378 188 1370 1172 406 197 2082 1192 414 196 2761 1146 462 234
20160107_110348.jpg 4 1904 1429 209 123 1599 1363 205 119 1281 1344 195 118 2569 1105 167 90
20160107_105837.jpg 1 504 1168 178 103
20160107_110104.jpg 4 161 1118 501 299 1000 1163 458 215 1936 1122 473 225 2628 1135 532 258
20160107_110151.jpg 6 1277 765 175 108 1497 765 188 110 1840 720 217 122 2152 713 246 125 903 785 196 90 2535 680 320 160
20160107_101827.jpg 3 626 881 430 194 1288 857 379 212 1816 857 402 194
20160107_101330.jpg 2 398 996 438 173 1723 946 425 179
20160107_110013.jpg 2 544 1268 466 279 1153 1183 382 240
20160107_111117.jpg 4 1312 1307 371 203 1971 1320 388 192 807 1122 142 62 2500 1320 336 175
20160107_110819.jpg 6 859 1183 421 231 1612 1176 473 256 2356 1242 584 238 2863 1157 391 149 2297 1031 195 77 2030 1022 164 86
20160107_103417.jpg 2 402 1052 545 241 1122 972 376 216
20160107_105810.jpg 1 1094 1270 92 51
20160107_105843.jpg 1 365 1235 190 79
20160107_110002.jpg 2 2641 1211 408 195 2062 1124 339 223
20160107_110807.jpg 3 1198 1142 221 112 1575 1135 199 116 1830 1144 157 96
20160107_110000.jpg 4 1708 1122 429 229 1133 1172 352 171 552 1126 367 208 187 1161 334 188
20160107_103650.jpg 3 221 1250 502 223 1005 1283 540 197 1960 1083 578 290
20160107_104750.jpg 1 737 965 443 188
20160107_102844.jpg 1 235 1037 177 77
20160107_110103.jpg 3 678 1159 489 255 1353 1068 380 225 1877 1059 341 205
20160107_103331.jpg 4 121 1094 406 207 837 1046 484 214 1551 1065 480 191 2328 983 523 247
20160107_104805.jpg 4 95 926 504 230 887 952 463 249 1586 959 484 236 2432 961 563 251
20160107_103901.jpg 5 45 1152 600 282 863 1155 665 273 2006 1063 617 304 2691 1009 550 262 1666 841 178 75
20160107_105601.jpg 3 665 1105 323 140 2548 1087 266 90 2001 1033 139 51
20160107_104645.jpg 3 2600 1246 577 221 1886 1309 454 175 1209 1292 395 194
20160107_110332.jpg 11 454 1400 262 134 926 1394 271 149 1364 1368 262 142 1769 1411 246 127 2202 1442 260 110 2321 1237 204 69 2667 1244 197 88 1836 950 153 69 2212 952 128 73 443 907 128 62 641 1200 221 108
20160107_105128.jpg 3 1904 1142 442 244 1212 1176 468 232 424 1124 488 247
20160107_105031.jpg 2 872 1022 428 247 1618 1009 374 229
20160107_103920.jpg 1 2417 1144 488 281
20160107_111219.jpg 2 2014 1309 395 188 1529 1216 225 98
20160107_110705.jpg 1 574 1094 195 96
20160107_104705.jpg 3 1490 920 312 114 611 1033 584 236 2184 1009 602 240
20160107_101752.jpg 2 1214 911 249 129 1547 896 122 59
20160107_110658.jpg 1 365 1211 465 254
20160107_110752.jpg 4 709 1172 506 201 1477 1172 404 210 2106 1196 443 218 2593 1068 154 70
20160107_111106.jpg 3 315 1129 312 142 950 1148 400 199 1464 1168 282 159
20160107_103923.jpg 2 317 1028 513 219 998 913 367 217
20160107_111355.jpg 2 1388 987 373 212 1954 1015 505 243
20160107_104740.jpg 3 2043 996 490 214 1279 959 464 223 441 939 517 238
20160107_110855.jpg 2 315 1331 384 221 950 1316 356 164
20160107_105827.jpg 1 591 1285 178 88
20160107_102750.jpg 2 792 954 320 136 2071 972 227 107
20160107_111304.jpg 7 1536 944 275 114 1923 878 180 88 2180 926 262 93 2595 913 273 110 3015 911 245 95 433 883 157 77 718 894 220 72
20160107_104748.jpg 4 683 1094 473 164 1425 1100 471 184 2097 1059 443 195 2791 1096 417 188
20160107_110146.jpg 2 2798 572 275 138 2397 613 215 116
20160107_101506.jpg 2 452 1094 254 105 1610 1055 397 229
20160107_104738.jpg 1 2038 1111 495 260
20160107_102454.jpg 1 707 1161 327 153
20160107_103052.jpg 1 2191 1050 469 240
20160107_103956.jpg 1 2130 1185 453 229
20160107_105958.jpg 1 613 828 465 247
20160107_111148.jpg 3 322 1142 373 212 1072 1081 164 85 2306 1205 306 116
20160107_103136.jpg 1 2737 1150 203 101
20160107_105758.jpg 2 1808 1192 249 103 1198 1170 126 55
20160107_110045.jpg 4 322 1148 542 303 940 1172 566 242 1832 1179 514 288 2689 1211 499 254
20160107_104552.jpg 2 1412 1144 440 220 2132 1181 543 294
20160107_102838.jpg 1 2323 1187 474 212
20160107_111501.jpg 1 1018 1115 412 215
20160107_101341.jpg 1 567 926 1324 656
20160107_101414.jpg 3 13 989 122 73 230 994 125 64 1649 981 188 88
20160107_102646.jpg 3 1177 970 384 188 1786 937 432 225 2487 931 492 227
20160107_103022.jpg 3 230 978 560 230 1005 898 453 199 1782 826 505 214
20160107_104813.jpg 3 2393 1213 510 228 1771 1152 440 202 1140 1168 364 164
IMG_1724.jpg 1 158 1481 1200 502
20160107_104643.jpg 4 219 1303 510 196 1000 1259 489 206 1686 1253 399 185 2374 1305 383 155
20160107_104830.jpg 1 441 1152 480 226
20160107_101310.jpg 2 280 907 117 46 500 904 114 51
20160107_102123.jpg 2 1349 789 331 175 2025 754 469 228
20160107_105558.jpg 2 1107 1033 210 94 2069 1041 118 56
20160107_101853.jpg 2 839 857 850 431 1910 896 612 334
20160107_103448.jpg 1 276 1081 467 227
20160107_103715.jpg 3 243 1024 502 230 955 1020 406 205 1553 1013 336 175
20160107_104726.jpg 1 291 937 626 260
20160107_111103.jpg 2 2319 1248 480 227 1244 1205 328 190
20160107_111349.jpg 4 1205 1155 169 64 1442 1115 154 86 1655 1076 165 90 1895 1098 136 68
20160107_105852.jpg 1 948 1205 130 49
20160107_111326.jpg 2 1960 1340 284 161 2804 1289 273 119
20160107_103739.jpg 3 402 1255 462 231 1042 1283 451 251 1703 1318 484 266
20160107_103822.jpg 2 261 1124 510 243 876 1161 328 166
20160107_104036.jpg 1 1109 1209 413 205
20160107_104944.jpg 1 167 1202 467 260
20160107_110843.jpg 1 150 1368 556 286
20160107_103813.jpg 4 2661 1124 462 186 2152 1148 357 116 1734 1076 286 160 1288 1100 292 138
20160107_103320.jpg 3 1484 1115 416 208 633 1050 523 251 2228 1072 503 205
20160107_103313.jpg 4 674 937 541 266 1447 926 503 280 2241 963 438 251 2787 974 427 219
20160107_105640.jpg 1 2180 1111 266 116
20160107_111141.jpg 5 1120 1118 162 81 881 1257 275 94 110 1322 482 225 1560 1335 381 175 2108 1239 358 182
20160107_103726.jpg 2 1558 1165 416 202 2221 1185 491 201
20160107_103344.jpg 2 617 1039 561 293 2162 1059 500 282
20160107_104913.jpg 2 935 959 650 218 1949 881 671 279
20160107_105133.jpg 3 689 813 162 66 461 804 166 60 169 809 182 70
20160107_104836.jpg 1 2632 994 345 131
20160107_102853.jpg 3 2017 941 196 99 2343 970 227 75 2733 891 262 123
20160107_101241.jpg 2 472 970 210 86 1251 991 290 145
20160107_103951.jpg 3 650 1235 441 238 1314 1207 295 160 1675 1187 240 149
20160107_105027.jpg 2 2136 1183 467 284 1405 1155 367 212
20160107_110016.jpg 1 80 963 208 106
20160107_111201.jpg 3 1760 1198 260 95 2045 1248 393 208 2617 1179 317 148
20160107_103345.jpg 3 611 974 558 286 1477 978 517 293 2236 928 578 278
20160107_104712.jpg 1 1216 1163 149 75
20160107_101316.jpg 1 454 1152 393 212
20160107_102521.jpg 3 2139 1076 164 64 1612 1092 273 146 1890 1083 130 62
20160107_110543.jpg 4 1884 1253 362 133 1264 1179 338 181 650 1152 338 189 2467 1222 443 206
20160107_104911.jpg 2 324 1113 710 321 1229 1037 560 282
20160107_110134.jpg 10 110 904 230 95 419 854 236 132 813 878 230 95 1270 857 195 92 1547 857 203 96 1873 817 216 121 2182 811 230 127 2535 794 262 127 1640 1305 608 353 789 1357 565 295
20160107_101319.jpg 1 2391 946 436 168
20160107_110249.jpg 1 219 1002 273 128
20160107_104724.jpg 3 870 974 538 206 1603 907 532 253 2219 957 432 159
20160107_105902.jpg 1 2352 1189 273 108
20160107_110639.jpg 4 461 1098 451 225 1155 1131 390 201 1832 1142 377 181 2981 1139 275 95
20160107_103501.jpg 2 150 957 601 314 1005 954 423 226
20160107_101455.jpg 2 2578 1068 182 70 2019 1111 327 145
20160107_104703.jpg 2 585 991 597 258 1438 948 416 205
20160107_103446.jpg 3 683 1009 479 231 1444 987 439 243 2136 1005 428 205
20160107_102628.jpg 2 937 1109 295 127 1360 1083 118 60
20160107_104519.jpg 2 1686 1174 312 153 2234 1144 489 257
20160107_101535.jpg 2 456 1002 761 360 1605 970 691 320
20160107_111253.jpg 1 689 1005 672 366
20160107_105552.jpg 2 1264 1044 151 55 1803 1044 106 40
20160107_101543.jpg 1 903 837 991 490
20160107_110716.jpg 3 600 944 388 209 1196 983 334 162 1725 994 386 118
20160107_104011.jpg 5 289 1094 329 140 879 1041 310 160 1309 1094 415 183 2006 1024 447 227 2693 1115 532 221
20160107_105805.jpg 2 735 1279 347 177 2526 1324 121 64
20160107_105119.jpg 2 624 1044 443 223 1316 1018 430 199
20160107_101422.jpg 7 2219 1018 288 122 2669 1009 165 81 1982 1018 136 68 1819 1022 109 51 1621 1026 107 51 1479 1018 112 55 1338 1050 101 45
20160107_110018.jpg 3 219 1172 434 223 942 1181 425 238 2014 1168 415 238
20160107_101415.jpg 3 1138 1020 118 59 1440 1015 90 41 2926 994 106 46
20160107_103935.jpg 1 1836 1357 447 232
20160107_104957.jpg 1 1923 991 543 254