20160107_102740.jpg 9 2613 1585 512 204 174 950 429 156 1027 911 96 373 1381 911 95 123 1991 961 88 110 1732 948 33 112 2243 928 77 123 2854 981 67 118 2504 918 51 53
20160107_111222.jpg 7 2728 1115 112 223 2115 1111 105 140 1649 1061 99 103 1305 1057 310 68 611 1074 192 77 1098 1078 60 32 2021 1070 71 107
20160107_104939.jpg 8 356 922 88 214 720 904 123 197 1011 902 71 130 1192 913 86 51 1105 1242 160 229 1534 1126 233 230 2376 1242 292 283 2900 1179 206 135
20160107_110545.jpg 13 63 1035 125 114 330 1135 178 425 683 1083 194 142 1161 1226 454 167 2095 1133 373 157 2765 1198 378 251 2924 1028 134 91 2204 972 279 97 944 1020 99 57 252 991 60 97 1597 1200 94 101 2051 944 128 153 654 978 141 78
20160107_103216.jpg 8 1270 741 695 443 128 757 382 194 641 752 73 203 974 963 82 225 448 1285 140 199 2798 815 81 238 3185 844 45 92 2304 885 129 273
20160107_103306.jpg 7 10 922 1129 199 1312 963 42 214 1651 976 84 238 2123 970 80 210 2706 1000 80 219 2487 887 70 123 3124 968 45 79
20160107_103028.jpg 4 52 1102 1165 165 1240 1126 954 156 1518 1072 317 86 2495 1200 741 180
20160107_111203.jpg 12 130 1100 132 251 711 1061 69 105 409 939 70 64 6 870 108 68 781 887 33 58 900 981 75 105 1057 935 147 112 1279 976 34 51 1542 1098 88 101 2034 1057 824 216 3005 983 142 138 2041 913 310 93
20160107_101630.jpg 5 2935 844 121 253 2328 824 116 514 67 846 127 334 931 861 236 506 1677 857 375 190
20160107_110331.jpg 10 539 1007 621 155 722 750 902 258 1105 672 1011 207 2809 1242 392 349 2300 1257 159 299 2043 1216 144 336 1573 1155 136 362 2487 730 758 404 2852 604 228 136 2193 611 66 49
20160107_103739.jpg 6 2404 1155 482 164 78 1192 129 159 607 1218 53 242 1251 1259 66 260 1897 1292 90 331 2730 1396 117 208
20160107_105019.jpg 4 248 987 1202 158 1627 1076 75 147 1893 1102 101 149 2750 1028 245 319
20160107_103036.jpg 7 30 1018 360 755 187 1005 697 72 824 1070 637 51 1692 1037 145 184 2115 1105 57 205 2846 1057 73 270 2487 1070 79 105
20160107_110243.jpg 5 783 565 171 351 1494 526 141 149 1725 304 225 227 1692 1200 493 406 2567 800 236 319
20160107_103921.jpg 7 13 867 314 404 2824 1113 301 173 2417 1213 51 262 1812 1061 66 349 2145 1035 60 125 855 852 270 117 1070 1061 55 388
20160107_110016.jpg 6 13 898 168 184 1022 933 117 173 1418 996 269 162 2332 852 121 112 2156 1035 199 232 2804 1111 389 306
20160107_101711.jpg 6 13 802 312 153 578 828 341 67 2965 659 291 838 1470 826 47 156 1845 846 46 116 2132 813 60 138
20160107_103130.jpg 6 2965 876 156 134 2722 920 62 101 1403 1009 95 116 2108 874 69 162 184 887 73 477 944 915 151 256
20160107_110029.jpg 6 237 1057 323 305 961 1041 238 252 1660 1113 168 169 1901 1026 278 245 2245 1039 565 184 3085 1063 173 112
20160107_110851.jpg 10 19 1287 110 184 530 1207 213 218 1190 1270 157 245 1425 1126 127 117 1832 1118 164 109 2143 1155 103 57 2432 1111 53 153 2143 1353 118 233 2641 1305 121 273 2904 1126 284 299
20160107_105118.jpg 4 787 789 243 295 1601 904 136 204 2217 728 218 465 3026 854 193 236
20160107_101759.jpg 3 1851 733 634 153 1440 650 64 532 413 624 90 547
20160107_101426.jpg 1 533 841 2714 173
20160107_103348.jpg 7 115 883 68 170 354 941 34 104 572 833 57 242 1457 828 108 315 1249 854 96 121 1958 874 60 290 2521 848 328 305
20160107_110655.jpg 7 47 1113 319 136 737 1161 116 262 1196 1137 95 238 1910 1120 197 271 2404 1187 229 267 2282 944 932 318 728 996 108 57
20160107_101527.jpg 4 243 926 1929 134 2835 907 410 473 19 920 482 92 1984 881 473 161
IMG_1719.jpg 4 639 1233 132 168 1639 1104 61 288 2439 1381 208 169 3429 1330 159 220
20160107_102638.jpg 1 47 957 1559 166
20160107_110755.jpg 5 8 1085 432 464 861 1231 221 247 913 1007 539 238 1701 1018 476 390 2306 1035 919 258
20160107_104750.jpg 10 187 1044 64 159 961 1009 43 112 1551 1015 34 108 1884 978 57 95 2280 961 53 81 2617 970 73 57 2807 931 157 101 2978 833 156 205 459 783 75 92 1007 765 51 84
20160107_105137.jpg 4 30 915 639 389 1053 861 664 58 1930 891 281 186 2541 820 706 199
20160107_103507.jpg 3 382 959 1244 149 1581 939 1005 117 2606 946 513 247
20160107_101257.jpg 9 126 1074 131 210 2780 870 54 260 2051 846 36 266 1773 1044 51 105 1449 978 49 165 1255 994 77 144 1053 1007 46 131 848 991 112 123 591 1039 193 45
20160107_105029.jpg 5 45 739 258 595 918 1061 171 238 1340 1011 247 310 1875 963 550 262 2709 994 464 264
20160107_105016.jpg 8 452 1244 145 253 15 1094 73 138 715 1068 136 98 959 1155 249 266 1692 1055 221 288 2195 1046 297 260 2874 1000 375 180 2635 981 155 88
20160107_110026.jpg 4 509 902 251 304 1309 1052 217 217 2067 1087 262 262 2915 926 304 473
20160107_102901.jpg 3 36 952 1072 523 1853 946 1398 94 2955 1644 259 162
IMG_1728.jpg 10 814 1303 67 222 1682 1318 53 61 2354 1303 49 120 2867 1315 35 128 3229 1286 55 140 2157 936 40 57 1772 899 60 89 1237 875 106 140 668 851 40 173 94 877 38 135
20160107_105859.jpg 3 1166 1009 155 101 2241 974 308 186 2611 1670 129 158
20160107_101213.jpg 5 652 1024 54 149 1279 1122 58 192 2374 1172 38 206 3155 987 27 90 2937 991 38 102
20160107_101419.jpg 2 10 1046 2238 127 2822 904 125 504
20160107_103757.jpg 8 950 968 711 111 2761 857 477 62 30 954 253 143 496 1122 96 279 1320 1161 121 299 2023 1061 99 303 3000 1068 156 329 1843 841 40 75
20160107_103444.jpg 5 17 918 1539 90 1229 931 90 262 1806 874 85 316 2535 952 96 291 3046 889 177 347
20160107_105738.jpg 1 1336 1037 373 90
20160107_102846.jpg 8 41 994 789 186 2413 963 812 291 909 976 42 127 1064 1044 162 75 1440 970 51 109 1699 961 31 101 1927 961 47 125 2176 981 48 114
20160107_104016.jpg 12 1695 1020 223 214 3055 1046 136 101 2711 778 318 67 1705 815 123 75 1042 802 292 156 354 841 301 88 2228 998 53 284 2717 954 60 339 252 1085 75 393 1079 987 73 430 668 983 59 147 2576 1446 621 384
20160107_104911.jpg 9 41 789 107 158 654 1146 191 279 1512 1068 90 199 2280 931 116 242 2469 796 130 144 979 944 42 64 1525 761 38 57 670 770 49 53 2931 728 70 143
20160107_101459.jpg 8 84 1085 154 171 678 1031 112 320 1481 1087 84 336 1242 1059 45 97 1799 965 108 106 2345 1078 108 297 2643 998 62 66 3081 1031 73 177
20160107_102838.jpg 3 39 1244 2903 53 1414 1142 1178 129 2861 1168 338 70
20160107_103954.jpg 9 1958 1294 123 125 583 1109 199 88 2711 1313 186 128 1769 1063 392 132 3076 1250 165 262 1340 1229 53 279 104 1205 47 127 493 1322 54 290 916 1266 51 70
20160107_103741.jpg 5 6 854 580 117 846 963 145 162 1244 968 164 209 1897 1041 60 273 2500 1065 127 356
20160107_103403.jpg 5 2613 813 634 188 137 994 88 290 839 1000 47 356 1573 991 94 306 2306 900 110 193
20160107_103412.jpg 7 63 774 562 218 770 857 77 225 1072 878 58 191 1399 857 86 301 1771 913 142 264 2406 918 123 383 2937 911 149 184
20160107_110315.jpg 10 319 922 2147 136 311 1078 1452 212 646 1366 527 362 598 667 284 234 913 646 704 81 1177 739 710 188 1501 628 436 125 2139 683 257 336 2983 881 199 140 2828 1574 252 217
20160107_111458.jpg 8 2952 1257 51 212 2376 1216 92 227 1738 1183 121 229 1244 1200 97 173 1629 1196 69 116 898 1248 71 90 578 1179 95 194 110 1283 511 49
20160107_110407.jpg 9 147 733 354 231 56 1009 1194 173 1064 839 1456 245 1688 704 349 178 2513 693 451 341 1131 1381 151 210 1684 1370 133 164 2078 1246 262 151 2489 1109 258 225
20160107_110348.jpg 5 805 859 708 255 578 1148 267 108 1094 1111 1838 501 2487 802 571 391 1499 798 880 262
20160107_101827.jpg 5 783 824 110 264 1429 783 101 312 1956 757 64 307 3020 830 112 195 2619 933 84 38
20160107_111117.jpg 7 82 1044 378 236 557 1011 468 112 1216 1063 401 110 1410 1296 1824 158 2669 1076 508 67 1684 1068 651 53 831 1115 123 88
20160107_105733.jpg 1 1986 883 114 127
20160107_110002.jpg 6 206 1078 80 128 713 1085 421 125 1294 1122 151 95 1888 1135 323 184 2828 996 223 416 2104 985 79 88
20160107_110807.jpg 6 110 1157 506 592 1135 1126 125 86 1653 1096 258 147 2411 1087 96 138 3122 1239 140 280 2219 1102 68 119
20160107_111121.jpg 7 635 1181 843 62 1612 1185 90 99 1910 1257 90 99 2365 1272 105 132 2989 1194 56 90 535 1366 181 236 2408 1044 34 86
20160107_110103.jpg 3 278 1113 562 241 1549 1031 506 194 2580 968 497 275
20160107_105601.jpg 4 861 1055 73 201 1581 978 65 75 1962 987 104 127 2478 972 208 242
20160107_104643.jpg 10 391 1220 147 203 82 1115 262 115 805 1076 523 221 1229 1313 123 110 1786 1172 125 251 2343 1242 238 186 2051 983 1035 23 2874 881 351 85 1836 1013 212 64 1457 1094 173 136
20160107_101644.jpg 2 43 924 2590 112 2054 841 1176 108
20160107_104705.jpg 8 54 1061 136 162 905 950 127 206 1616 878 62 132 2461 1028 120 121 2073 839 275 125 2776 783 428 273 1832 852 64 49 1320 807 75 85
20160107_111355.jpg 7 2069 867 131 363 1549 954 103 263 933 950 138 238 493 1011 88 221 391 887 80 134 34 939 43 117 2602 817 412 171
IMG_1724.jpg 3 926 1541 188 281 2135 1228 183 203 3164 1152 59 286
20160107_102454.jpg 2 737 1070 391 231 1514 1081 571 120
20160107_105758.jpg 3 352 1078 458 91 1198 1139 117 117 1773 1170 138 164
20160107_104552.jpg 10 332 1126 121 143 881 1111 105 182 1568 1096 112 160 2345 1222 62 108 3213 1355 28 25 3009 896 210 79 2073 889 173 97 2391 904 214 73 1614 902 375 62 2278 1353 103 159
20160107_105624.jpg 2 1610 1061 351 90 189 1115 839 217
IMG_1720.jpg 5 1583 1286 329 293 2495 1427 130 176 3431 1366 110 208 2847 1344 145 74 732 1298 115 133
20160107_103724.jpg 2 50 926 1872 388 1904 894 1330 170
20160107_111501.jpg 5 154 1250 64 195 1105 1105 81 185 1851 1039 164 212 2580 950 175 247 3076 981 119 177
20160107_102646.jpg 7 513 1020 210 149 2215 1485 479 280 2302 878 92 141 2737 889 73 245 2983 941 49 82 1977 907 67 214 1331 909 32 242
20160107_105002.jpg 5 73 946 252 262 672 898 116 218 1153 902 138 256 1632 933 209 323 2395 941 302 319
20160107_101310.jpg 12 154 878 60 191 304 874 32 77 557 883 38 88 702 867 47 88 872 857 106 94 1040 902 70 97 1194 939 75 86 1442 920 53 127 1655 946 104 155 1943 874 244 232 2937 970 84 288 2530 863 64 77
20160107_103136.jpg 1 121 1113 3124 151
20160107_111349.jpg 6 17 1122 147 138 530 1157 223 190 1031 1115 282 165 1460 1078 714 71 2471 1039 428 91 2648 1179 170 162
20160107_104830.jpg 9 550 1161 88 217 1301 1100 46 97 2482 1046 64 136 2800 1039 31 125 3018 1041 22 82 3068 889 177 177 783 957 81 90 2128 1102 44 121 1886 1087 45 169
20160107_104036.jpg 5 613 976 793 167 39 1120 238 360 1214 1211 197 164 2034 1194 188 181 1705 1200 62 36
20160107_104944.jpg 7 158 1159 234 310 1018 1129 121 212 1399 1083 140 216 1819 1065 92 215 2078 1057 129 218 2345 981 885 218 3009 1394 140 212
20160107_110053.jpg 5 26 1163 490 77 722 1150 79 138 1251 1163 177 191 1692 1139 256 210 2617 1098 521 295
20160107_101241.jpg 9 1331 970 66 120 1027 998 40 90 713 985 106 53 546 954 33 91 319 935 60 79 1647 968 42 122 2025 970 47 131 2406 965 60 160 3037 989 99 236
20160107_103822.jpg 7 2356 959 617 181 289 911 567 151 467 1131 86 303 1068 1126 86 280 1851 1065 97 206 2254 1122 62 158 2469 1068 780 138
20160107_101316.jpg 11 19 1133 69 40 2661 1294 77 129 2909 1018 118 157 2572 987 164 151 2774 1013 121 60 2097 1063 80 147 2369 1031 90 155 1838 1061 99 103 611 1146 27 177 1138 1055 48 201 1584 1037 55 184
20160107_102521.jpg 1 1595 976 1646 423
20160107_101455.jpg 7 121 1176 162 156 639 1092 60 294 1111 1142 34 253 1599 989 251 284 2152 1018 68 283 2663 1007 42 133 2817 918 93 218
20160107_102628.jpg 3 770 1035 691 171 1466 1083 393 60 2230 1031 995 118
20160107_110716.jpg 4 700 904 60 210 1429 978 64 130 1758 1007 142 144 2807 994 353 260
20160107_110843.jpg 4 89 1229 360 453 876 1202 456 219 1655 1216 391 257 2502 1126 179 252
20160107_110307.jpg 10 17 961 168 212 113 804 229 158 352 996 243 120 430 1218 423 216 367 1442 141 107 89 1464 81 201 1270 1544 345 236 1388 946 414 149 1906 1094 138 94 1055 767 86 71
20160107_105119.jpg 3 585 933 153 321 1564 983 517 155 2680 957 489 203
20160107_110018.jpg 4 158 1118 241 253 872 939 284 473 1930 1111 325 286 2809 1087 453 286
20160107_103501.jpg 5 652 800 1690 192 2239 859 993 101 2572 661 664 107 23 789 134 103 385 900 86 308
20160107_103012.jpg 3 1185 933 60 70 1516 963 73 208 600 978 169 75
20160107_104033.jpg 11 19 863 528 184 2600 985 264 121 2672 1340 427 329 676 987 38 101 972 987 38 169 1444 1033 38 175 783 909 266 64 2304 1061 47 321 1836 1044 125 279 8 1520 1677 303 8 1231 852 290
20160107_111424.jpg 9 926 1179 38 179 1462 1161 60 197 2217 1176 86 212 3070 1137 64 251 2502 1113 90 106 1207 1002 149 51 2245 904 243 123 3116 874 118 158 1873 991 38 56
20160107_101537.jpg 5 1980 876 471 136 3031 854 140 615 1470 720 128 629 191 841 162 473 855 996 33 55
20160107_105017.jpg 6 130 1102 184 317 648 1089 162 258 1262 939 183 317 1806 933 327 266 2469 870 184 133 3055 987 207 264
20160107_101411.jpg 6 71 807 735 157 2619 824 622 149 1721 754 103 104 1847 811 142 149 2269 835 110 373 1425 833 301 138
20160107_101741.jpg 2 119 1000 2275 227 2284 963 911 167
20160107_110933.jpg 15 304 1313 53 104 681 1279 90 166 1259 1261 84 188 1462 1044 336 103 137 1089 708 82 933 1057 121 90 71 1135 80 66 1773 1218 216 155 1849 1033 299 86 2432 1148 80 156 2622 1020 59 94 2867 998 60 216 3050 946 134 105 2489 1015 42 30 2278 1011 42 55
20160107_104553.jpg 9 2 709 492 120 526 739 301 97 1022 791 386 77 1499 867 249 88 2036 1087 141 116 1242 1126 169 145 322 1015 155 230 2441 985 632 290 413 1250 123 154
20160107_102459.jpg 1 1623 1129 1302 205
20160107_102721.jpg 7 19 1009 552 84 2152 959 120 371 1595 985 142 225 1449 1050 42 86 950 972 139 136 1251 963 110 123 2850 952 110 295
20160107_110837.jpg 6 957 1313 77 152 1362 1305 105 231 1888 1235 104 256 1697 1233 120 118 15 1172 662 299 2382 1157 769 408
20160107_101501.jpg 8 13 985 547 105 742 1035 131 356 1377 1020 138 68 1675 1155 75 227 1904 987 273 173 2458 1157 88 216 2676 1035 90 110 3146 1081 68 131
20160107_103237.jpg 6 957 789 538 134 446 876 77 221 50 904 96 91 1999 824 88 325 1203 878 147 299 2837 861 101 356
20160107_104941.jpg 5 21 1072 77 208 831 1161 173 277 1779 1131 115 253 2104 1102 160 254 2926 1144 308 216
20160107_105027.jpg 8 80 896 132 155 1460 870 207 118 1719 828 94 104 855 1096 53 114 685 865 456 125 1349 1072 216 277 2049 1146 312 308 2815 1111 297 325
20160107_111231.jpg 7 493 1224 115 132 759 1403 199 168 1510 1283 146 114 1880 1200 88 154 2014 1202 75 95 2184 1139 1054 60 2994 1424 105 121
20160107_103831.jpg 9 2909 1281 255 395 41 985 641 131 289 1289 92 147 911 1181 77 233 1122 1057 38 33 1479 1041 45 249 1954 1035 68 221 2363 1018 90 146 2624 1015 617 97
20160107_110350.jpg 6 237 150 297 662 576 898 458 310 1216 1374 205 232 1967 822 83 166 1323 565 111 121 1581 6 1359 177
20160107_104530.jpg 8 361 861 147 92 576 844 306 94 198 1187 185 138 1214 1059 110 127 1747 1092 125 74 2199 1037 128 93 2606 1020 125 94 2752 909 138 79
20160107_102754.jpg 5 43 935 565 534 948 968 685 144 1695 994 484 83 2994 1037 101 188 2593 1009 77 112
20160107_105046.jpg 6 87 802 314 173 639 933 75 164 1177 939 105 154 1697 998 88 158 2308 944 162 307 2613 931 229 299
20160107_103743.jpg 10 456 1179 115 364 459 1037 55 79 707 1055 59 98 198 1055 79 68 1166 1168 107 303 1181 998 532 125 1816 1205 99 218 2286 1183 67 218 2600 1187 149 175 3050 1170 147 194
20160107_103401.jpg 8 6 804 325 282 1316 767 388 67 463 839 79 212 726 859 147 192 1079 931 123 135 1442 848 117 214 1923 826 84 308 2606 872 104 334
20160107_102445.jpg 4 950 1200 363 93 1431 1122 236 81 1801 1089 358 86 2395 1216 480 181
20160107_103759.jpg 8 13 1013 625 167 1766 885 535 79 411 859 627 112 2739 991 73 380 1843 1157 81 238 1484 1102 44 219 1181 1070 69 201 794 1083 70 171
20160107_103300.jpg 7 1240 867 184 110 985 994 38 172 191 948 92 225 1651 1020 77 216 2356 946 79 314 3031 974 105 266 1873 928 82 97
20160107_105101.jpg 6 36 861 970 58 102 957 107 157 578 987 347 162 1190 976 205 275 1710 1020 486 273 2619 1046 319 310
20160107_103820.jpg 8 1281 996 210 105 2078 1035 188 92 2946 1285 68 210 2263 1202 98 391 1738 1174 64 275 1018 1129 68 183 304 1113 79 188 2498 1065 61 71
20160107_102509.jpg 2 245 1096 1592 184 156 1296 767 306
20160107_103845.jpg 7 82 952 626 156 2578 970 665 112 1011 1120 69 279 1782 1170 103 249 2025 1115 184 299 2628 1113 75 225 2883 1094 345 229
20160107_104948.jpg 5 126 913 118 158 541 1050 249 336 1823 1070 388 284 2669 1155 182 236 3137 1244 82 147
20160107_103252.jpg 6 2709 846 525 331 509 1026 49 223 1225 998 133 284 1956 974 90 288 728 844 450 66 121 937 38 79
20160107_103044.jpg 6 17 944 1474 159 6 952 271 626 2713 1078 60 304 2191 1057 73 286 1810 1105 90 151 1420 1081 102 142
20160107_102643.jpg 7 3035 983 206 125 2896 1594 338 232 306 931 417 122 972 907 60 244 1447 926 44 162 2032 946 71 199 2319 922 134 258
20160107_101850.jpg 5 2230 841 101 447 1229 965 101 389 165 1009 77 199 731 1044 31 90 3089 935 102 186
20160107_101709.jpg 8 2075 846 389 86 2752 809 508 669 1018 937 86 110 1418 896 36 118 1797 883 75 140 1584 907 35 53 1192 874 40 25 809 944 51 48
20160107_104613.jpg 5 2432 1011 80 316 974 820 332 94 1566 800 291 173 2019 909 179 147 470 767 229 160
20160107_101504.jpg 3 63 978 3184 91 361 1011 2875 147 1736 1039 1468 280
20160107_105958.jpg 4 182 841 164 184 578 730 247 352 1288 933 281 368 2637 1035 268 269
20160107_104807.jpg 6 393 591 97 149 1129 902 36 104 1464 965 77 132 2010 976 71 167 2802 830 32 60 2809 1092 44 162
20160107_104847.jpg 9 341 1074 103 188 1177 939 92 195 1884 1020 62 138 2326 957 35 159 2680 915 36 123 2968 848 61 149 3028 743 78 108 2060 689 47 69 352 685 132 94
20160107_105000.jpg 6 84 924 160 347 559 963 240 397 1231 852 258 130 1740 1018 162 270 2178 972 268 325 2508 802 350 117
20160107_101443.jpg 5 2391 889 821 506 567 1041 69 230 835 1065 203 215 1379 1018 58 244 1756 1085 66 164
20160107_101234.jpg 9 700 926 60 116 892 891 42 115 1142 907 34 53 1268 894 378 35 50 937 53 66 413 939 58 53 1688 1007 227 238 2776 1061 158 99 1912 857 269 64
20160107_105125.jpg 6 34 939 913 158 1477 974 343 197 2352 970 314 194 2841 998 413 125 2086 881 206 90 1257 887 64 86
20160107_101514.jpg 8 2202 1050 127 210 2807 976 96 110 3181 928 64 175 1346 1052 291 119 1118 1057 92 157 685 1111 105 121 498 1052 120 125 104 1041 112 328
20160107_102500.jpg 2 1547 1133 149 79 2304 1065 723 271
20160107_103641.jpg 7 587 976 82 249 1255 924 82 286 1725 898 79 258 2067 918 101 164 2249 935 998 79 1370 798 88 88 3055 776 166 95
20160107_103843.jpg 6 2748 928 371 138 161 937 310 266 905 946 55 286 1553 965 69 310 2219 1031 253 388 1932 889 223 143
20160107_104505.jpg 4 461 972 81 55 620 937 168 38 1044 1024 269 243 1880 1033 203 234
20160107_105130.jpg 6 106 978 837 117 1290 1081 77 175 1999 1074 154 216 2424 981 216 370 3026 952 228 147 30 778 184 84
20160107_103722.jpg 2 21 1105 3185 288 433 978 2751 134
20160107_111219.jpg 9 152 1181 70 157 903 1170 40 114 1135 1159 91 108 1586 1172 90 188 2212 1285 152 208 2630 1161 147 153 2034 1068 49 120 1466 1081 254 46 2156 1024 186 58
20160107_105837.jpg 3 591 1122 528 88 1930 1035 44 88 2065 1041 105 67
20160107_110104.jpg 4 430 1111 269 197 1107 1124 145 249 2193 1135 92 199 2730 1092 202 329
20160107_110819.jpg 9 60 1013 639 193 1135 1118 154 240 1627 1192 212 201 2293 898 952 190 3042 1124 190 190 2650 1226 290 269 1420 933 104 157 1024 924 167 97 1884 924 286 173
20160107_101512.jpg 6 8 985 471 155 2900 867 349 195 1088 978 349 276 2461 946 388 323 1919 1068 88 114 694 1142 59 88
20160107_111106.jpg 9 391 1100 84 204 1046 1142 86 192 742 1022 33 60 1514 1163 82 167 1401 994 308 75 1825 1015 38 82 1969 1020 46 55 2165 1028 79 93 2820 1076 412 93
20160107_105810.jpg 7 317 1246 432 103 916 1185 268 145 1344 1244 178 77 1688 1259 34 49 2247 1320 49 49 2452 1320 166 118 3048 1379 125 88
20160107_103650.jpg 7 365 950 693 69 2474 907 780 96 60 1202 106 104 472 1172 73 269 1118 1159 114 269 1586 935 286 168 2241 1100 107 275
20160107_101326.jpg 5 396 891 273 336 1375 976 73 310 863 972 45 181 2025 998 38 123 2791 881 82 359
20160107_101607.jpg 2 76 854 2131 254 2817 822 419 277
20160107_110705.jpg 5 387 1105 60 92 604 1039 93 164 818 1052 764 82 2387 1096 151 405 1832 1146 59 97
20160107_104828.jpg 4 1414 1142 62 170 2010 1144 29 214 2493 1089 147 238 2791 1015 356 141
20160107_110752.jpg 3 500 891 197 115 872 1026 164 402 1231 900 1992 404
20160107_104740.jpg 4 598 985 94 105 1429 991 49 88 402 770 77 70 2217 1011 73 97
20160107_111304.jpg 6 302 863 560 88 1581 950 115 108 1871 824 251 153 2430 826 382 166 2297 902 60 84 2876 828 234 164
20160107_104957.jpg 5 15 1011 179 360 990 857 157 207 1379 931 149 251 1938 946 197 338 2844 887 307 406
20160107_105827.jpg 6 728 1272 80 103 1196 1213 58 69 1634 1131 179 88 1830 1118 305 105 2271 1198 56 64 2652 1218 136 105
20160107_105558.jpg 4 1146 1033 60 86 1407 991 62 71 1653 978 241 64 2073 1013 47 82
20160107_103715.jpg 2 269 944 2452 222 1649 861 1122 212
IMG_1717.jpg 5 345 1271 69 179 744 1298 42 96 1262 1269 64 120 1811 1220 69 208 2539 1240 76 222
20160107_104902.jpg 9 622 830 55 91 996 924 38 114 1436 915 44 95 1760 839 51 121 2038 778 206 125 2367 754 31 69 2397 652 837 82 2493 702 188 136 2034 1359 232 240
20160107_104836.jpg 16 957 1113 27 45 816 1196 116 81 1486 1028 59 80 1257 1052 67 80 1910 1000 66 86 2258 1037 58 64 2813 1007 69 99 2537 1329 86 112 2106 1287 138 180 1853 1579 245 214 3185 918 56 133 2741 1329 154 455 474 1242 101 99 219 1081 64 105 715 1057 210 103 2593 922 64 77
20160107_101831.jpg 4 1305 839 628 95 1947 798 173 66 937 887 86 173 530 913 84 108
20160107_101853.jpg 4 3102 854 80 156 2182 889 82 262 1235 791 69 497 2652 918 95 72
20160107_105619.jpg 1 2088 1242 622 299
20160107_101621.jpg 4 332 667 245 539 1333 587 284 377 2030 746 368 838 2887 561 227 316
20160107_111201.jpg 13 4 1015 406 138 367 1239 225 160 926 1202 97 204 1466 1159 482 101 2182 1316 97 142 2780 1113 219 177 2467 1068 245 59 2693 991 437 134 1684 1007 525 62 1453 1087 55 73 929 1011 55 62 1244 994 140 53 2023 959 145 44
20160107_111248.jpg 6 452 1300 138 160 1218 1281 116 188 1836 1192 84 140 2328 1183 99 86 2552 1098 123 145 2789 1142 378 75
20160107_110533.jpg 8 124 1037 127 317 628 1013 136 269 839 944 86 77 1229 1024 68 166 1747 978 123 254 2119 1015 162 184 2589 989 247 214 3092 991 68 123
20160107_104724.jpg 7 108 1013 186 182 1175 1052 122 112 1825 963 140 121 2365 996 110 79 2874 867 208 119 3061 778 90 110 633 752 360 151
20160107_104011.jpg 10 13 826 333 88 1756 807 399 96 2482 859 99 73 2815 830 49 56 2918 1146 133 138 2180 1035 90 62 1447 1026 194 236 426 1031 75 229 935 983 73 260 691 939 28 32
20160107_105805.jpg 4 718 1135 301 327 1431 1176 352 108 2045 1250 580 164 2924 1296 288 79
20160107_101422.jpg 2 339 983 1838 112 2286 928 942 210
20160107_104538.jpg 9 6 948 75 86 291 1035 60 44 552 1072 77 38 913 991 123 104 1392 1013 182 77 2045 1063 95 127 2948 1144 114 103 2441 865 334 71 2861 852 347 93
20160107_104035.jpg 7 239 1009 158 184 1022 1041 245 319 820 924 140 92 1379 937 175 69 1925 1144 127 223 2256 963 730 164 2726 1176 493 260
20160107_102904.jpg 6 1146 815 141 93 668 750 144 688 1671 981 107 142 2273 824 125 342 2643 720 106 388 2996 593 247 339
20160107_101210.jpg 3 2387 1039 66 114 1779 1100 65 145 550 1146 79 245
20160107_105818.jpg 4 748 1092 613 68 1499 1100 364 138 1564 989 428 149 2273 1050 609 277
20160107_110137.jpg 11 215 1200 1587 306 2504 1300 288 447 3026 813 193 140 2128 761 79 208 2487 822 101 177 1629 839 258 119 863 859 524 62 578 889 184 53 106 796 184 125 2635 417 92 112 2162 476 38 71
20160107_101200.jpg 6 548 1041 40 215 1153 1129 86 246 2630 1205 73 314 3196 950 25 69 1969 983 42 136 110 1118 47 66
20160107_104804.jpg 5 250 1074 92 223 1218 1083 49 147 1836 1041 82 149 2360 1055 65 118 3044 874 62 101
20160107_105845.jpg 5 916 961 48 77 1024 854 49 38 1320 948 299 303 2215 1081 255 238 1251 887 107 66
20160107_103900.jpg 7 2334 935 915 81 752 952 458 51 2641 1307 71 321 1769 1259 88 264 1181 1172 264 253 60 1115 872 193 1098 1059 71 49
20160107_104712.jpg 7 73 1305 617 351 32 1179 32 59 615 1135 735 101 1442 1120 795 105 2326 1115 416 121 2665 1266 71 90 3109 1272 82 123
20160107_103755.jpg 8 2541 911 713 134 1773 907 749 55 409 954 697 62 69 1161 136 325 609 1185 118 303 1257 1118 95 294 1812 1085 79 197 2212 1076 165 162
20160107_103923.jpg 8 476 1005 73 272 1183 891 90 265 1590 915 64 210 2045 907 34 170 2313 902 53 193 2441 881 53 181 2626 850 451 177 1525 759 854 88
20160107_103031.jpg 4 2102 850 61 192 2598 646 55 564 1309 796 60 342 446 737 79 493
20160107_110556.jpg 9 128 935 266 321 1018 844 277 377 1353 878 432 230 2041 844 305 64 2495 937 511 219 2726 804 286 138 3113 802 143 167 2371 1511 175 206 3039 1000 173 145
20160107_101323.jpg 13 2637 918 57 79 3150 911 41 99 2273 900 47 36 1784 870 27 62 1897 863 29 86 1980 878 42 51 2208 867 34 86 1549 876 210 77 1342 865 45 45 1159 952 178 132 594 920 90 118 909 909 45 53 313 443 55 723
20160107_104646.jpg 2 56 941 2886 193 3079 937 177 177
20160107_101518.jpg 6 2149 622 160 810 1490 844 99 201 698 961 86 691 237 870 127 79 480 811 189 99 2854 670 141 253
20160107_104817.jpg 9 326 1126 68 147 946 1076 88 158 1544 1061 93 149 2054 1050 81 121 2587 1041 38 115 2752 952 132 141 3111 1011 62 105 2854 815 54 110 1194 817 47 86
20160107_101338.jpg 4 34 981 352 466 779 968 33 148 1973 887 40 225 2619 889 47 428
20160107_103334.jpg 6 187 978 960 123 17 876 273 145 1638 867 90 317 1353 968 47 92 2337 939 70 312 3111 939 101 328
20160107_103041.jpg 5 1788 844 1450 159 1627 924 42 153 1190 922 131 227 800 981 56 201 161 983 114 240
20160107_101353.jpg 9 1749 894 88 85 1414 872 118 90 974 857 215 92 496 867 260 97 184 885 56 88 2008 926 64 101 2280 920 116 125 2770 907 53 114 3142 902 105 191
20160107_102857.jpg 5 1758 1087 79 197 1216 1146 90 199 785 1181 75 164 217 1078 71 276 2265 1133 92 192
20160107_102748.jpg 2 167 857 1576 149 2169 939 1045 145
IMG_1716.jpg 5 1386 1335 42 331 2261 1267 113 322 2663 1267 95 183 3171 1160 181 280 3521 1237 72 140
20160107_101252.jpg 8 580 978 41 178 1188 968 31 157 1427 1022 38 112 1793 950 46 156 2134 948 29 108 1947 1026 36 40 2437 915 140 56 2434 1015 56 110
20160107_110915.jpg 10 248 1137 205 125 626 1146 84 94 798 1261 127 171 1392 1235 134 190 2193 1105 51 194 2883 1198 151 247 2082 1013 64 47 1410 1033 209 70 1033 1041 40 41 2524 1007 96 105
20160107_104738.jpg 9 422 946 38 38 570 985 29 62 1170 1050 40 101 846 1005 34 79 1573 1100 36 127 2223 1142 51 120 3002 1259 86 125 1986 933 73 38 276 683 112 196
20160107_103639.jpg 6 3111 841 103 97 885 924 69 343 1538 972 110 308 2276 974 75 264 3085 959 90 281 1303 776 77 116
20160107_104439.jpg 14 326 1259 97 88 13 1172 212 108 644 1224 133 108 1081 1239 66 62 1442 1235 73 132 65 1494 238 121 550 1629 1692 94 2243 1292 97 70 1862 1296 79 90 2548 1309 77 69 2896 1298 60 62 3153 1324 66 47 1286 1192 66 44 1616 1194 80 81
20160107_103018.jpg 4 8 970 367 149 2600 898 412 188 1098 1005 924 101 1575 898 79 60
20160107_101408.jpg 3 1277 863 619 143 2722 972 62 336 1912 830 428 115
20160107_110821.jpg 9 47 961 1368 145 691 1205 189 281 1022 1102 143 291 1470 1007 210 292 1553 907 687 127 2504 981 710 101 2619 1102 162 284 3146 1094 110 284 2271 1115 36 125
20160107_110151.jpg 4 21 780 1024 51 1375 741 547 112 2284 678 467 114 156 1268 1603 449
20160107_110721.jpg 6 171 865 158 84 1251 839 164 90 968 1000 1920 119 2545 791 445 215 1806 867 155 110 1464 841 101 51
20160107_101701.jpg 1 304 824 2216 210
20160107_103655.jpg 3 681 854 2453 60 2014 881 1200 161 198 1000 107 388
20160107_101435.jpg 4 295 1135 119 84 839 1078 95 289 1651 1033 251 210 2228 950 133 182
20160107_110855.jpg 15 252 1105 182 431 776 1085 983 60 1024 1272 104 188 1614 1224 58 164 1908 1231 123 175 2380 1207 110 136 2595 1185 112 116 2809 1118 73 164 2265 1024 479 62 2102 998 66 132 1788 1018 110 59 1562 1015 114 43 3129 1350 109 128 2933 1015 308 236 124 1514 133 133
20160107_102928.jpg 6 19 709 267 103 833 572 138 444 422 741 86 97 1673 550 312 390 2343 576 317 343 2883 709 308 125
20160107_110641.jpg 10 54 1007 81 116 424 1026 84 173 665 1072 108 155 998 1037 82 182 1466 1137 79 153 1995 1168 164 201 2724 1207 173 203 3107 1046 155 301 2345 959 275 153 2876 952 190 184
20160107_104706.jpg 5 289 963 2451 121 73 861 152 94 2804 759 454 164 2228 763 86 88 2439 1057 123 153
20160107_111415.jpg 5 174 1168 29 188 1357 1152 58 169 722 1172 62 166 1806 1131 51 214 2397 1155 67 246
20160107_111601.jpg 7 792 994 94 131 1956 1046 88 160 1518 1046 30 75 1951 946 241 118 2160 865 382 121 1608 811 549 112 2765 911 349 84
20160107_104722.jpg 7 87 709 860 88 985 683 380 81 1501 691 404 64 1793 974 77 79 2632 959 115 181 2125 656 284 169 3007 830 216 173
20160107_105616.jpg 1 1897 1181 388 127
20160107_105105.jpg 7 239 1163 238 273 528 978 443 304 1386 1039 164 184 2112 944 306 233 1945 898 77 60 2195 830 536 147 2857 931 327 162
20160107_104921.jpg 6 221 1115 88 173 787 1072 108 212 1405 1070 127 218 2154 1105 147 225 2609 1081 542 257 1914 1520 330 262
20160107_102637.jpg 1 269 1009 2917 168
20160107_101848_001.jpg 5 2613 985 86 393 1690 978 67 339 726 865 160 356 217 1072 82 173 1255 1022 29 66
20160107_111314.jpg 5 909 828 256 91 1307 976 132 156 2010 946 75 201 2484 954 184 313 2347 815 219 86
20160107_103938.jpg 9 154 1113 192 188 700 1026 434 186 1901 996 221 125 3092 959 118 127 559 1374 133 426 1514 1303 132 283 2014 1224 123 369 2648 1176 292 289 3131 1146 99 210
20160107_105833.jpg 4 974 1089 299 321 1864 1046 84 125 2058 1115 136 56 2532 1105 199 96
20160107_101330.jpg 12 2121 844 62 220 1825 900 86 295 1329 902 47 315 1579 913 47 119 663 939 69 234 1101 874 149 95 69 952 56 145 350 957 81 120 2576 872 92 340 3059 787 90 395 2291 826 60 138 1466 852 73 62
20160107_103417.jpg 6 10 1035 434 710 1729 854 1505 223 631 983 103 290 1257 926 71 275 755 839 62 138 1655 757 426 116
IMG_1726.jpg 3 661 1425 159 417 2791 924 152 190 2003 1067 160 186
20160107_110000.jpg 5 409 1100 242 214 1381 1152 114 175 1999 1092 132 212 1581 974 213 105 2376 1209 303 412
20160107_102844.jpg 7 2476 909 86 425 3039 909 212 207 1914 998 84 212 1357 902 95 260 41 1039 532 51 624 1046 114 103 929 1005 136 114
20160107_103726.jpg 3 108 1015 3039 295 1840 918 1364 175 870 933 286 70
20160107_111331.jpg 15 34 1155 99 94 461 1189 255 239 898 1041 51 256 274 1111 35 38 1396 991 186 310 1632 1068 201 105 2075 1111 367 125 2955 1157 127 90 2513 1115 53 97 3109 1085 125 210 2484 1039 167 60 1651 985 112 44 672 1009 145 79 73 985 95 55 2154 998 57 68
20160107_103901.jpg 7 1573 765 338 130 2408 776 674 99 265 800 902 92 2317 983 114 425 1214 1081 114 447 274 1055 101 410 2963 904 60 400
20160107_110332.jpg 7 480 1370 1905 151 752 1179 2014 129 1514 735 1098 318 1821 598 780 133 1264 591 55 66 304 615 952 240 15 672 543 357
20160107_105031.jpg 7 304 809 256 518 857 965 297 275 1268 859 66 81 1642 978 167 273 2195 968 162 320 2698 844 521 98 2713 1041 401 145
20160107_105053.jpg 6 110 846 247 501 670 1113 301 260 953 835 201 142 1394 909 228 316 1936 878 280 221 2635 885 553 188
20160107_101657.jpg 5 60 913 1020 56 981 876 802 158 1769 809 773 160 2480 763 765 103 746 824 264 38
20160107_103637.jpg 5 13 691 538 384 1240 761 77 51 977 872 886 77 2145 924 75 88 1096 4 2097 473
20160107_102123.jpg 4 2228 804 57 254 1558 757 238 212 1166 757 112 155 940 689 55 210
20160107_104748.jpg 8 322 826 144 36 807 804 49 91 870 1089 68 128 1632 1126 51 138 2321 1100 56 125 2974 1131 92 103 1386 822 94 79 1875 854 80 82
20160107_104915.jpg 8 570 854 40 128 1088 839 88 227 1357 859 110 183 2212 783 237 355 659 833 92 199 263 822 94 149 52 833 88 153 2850 950 145 277
20160107_103956.jpg 8 8 918 234 70 369 1002 41 36 963 1037 186 56 1344 1055 447 88 2263 1205 257 183 2313 948 170 90 1296 911 289 84 3007 1109 197 171
20160107_110239.jpg 1 1479 959 136 149
20160107_101414.jpg 3 32 941 1070 104 1177 950 1056 84 2726 913 247 478
20160107_102750.jpg 1 783 900 2410 212
20160107_110305.jpg 11 461 746 123 262 898 674 286 234 1627 474 145 151 1214 352 360 66 1177 69 436 240 709 237 510 307 2378 289 227 171 2595 961 324 647 1155 1305 1200 355 1412 661 316 129 1381 569 130 123
20160107_105852.jpg 5 452 1122 47 58 913 1135 125 110 1183 1065 236 84 1695 1122 1121 136 3155 1072 92 149
20160107_111326.jpg 6 82 1307 282 171 507 1370 1789 38 1668 1413 406 75 2445 1283 561 145 2110 1209 399 66 524 1246 81 42
20160107_105640.jpg 1 2034 1002 334 267
20160107_104913.jpg 5 245 809 110 279 1181 974 58 156 2134 920 84 155 3076 902 99 180 1701 617 38 51
20160107_105133.jpg 9 115 765 125 110 550 741 201 149 963 828 158 186 1244 804 208 78 1249 900 314 125 1601 796 186 107 1777 948 195 164 2291 1009 456 292 382 902 234 467
20160107_101757.jpg 4 2785 830 120 639 876 830 630 173 1671 922 46 153 1951 798 99 318
20160107_103951.jpg 10 80 1059 203 112 1457 1033 1002 40 23 1272 71 240 744 1216 103 309 1484 1165 72 241 1710 1144 73 223 2173 1111 82 260 2582 1078 106 217 2746 1092 105 194 3131 1074 77 223
20160107_110543.jpg 9 97 1007 162 157 530 991 250 162 1251 978 255 80 820 1100 168 254 1401 1142 129 179 1812 1115 236 241 1962 998 284 81 2389 968 295 477 2826 1035 412 327
20160107_101319.jpg 10 2480 857 75 294 2045 857 53 179 1721 870 66 159 1558 922 40 94 1220 865 64 138 1064 952 31 88 903 904 38 117 585 965 268 77 163 963 49 88 363 981 55 70
20160107_105902.jpg 2 202 1272 158 195 2352 1150 299 195
20160107_110639.jpg 8 198 878 457 208 733 1094 218 247 979 881 273 172 1320 950 95 373 1710 867 275 136 2021 1100 175 254 2654 1009 441 288 2702 839 445 173
20160107_103446.jpg 6 110 891 86 343 909 941 82 306 1640 946 90 264 2271 939 101 267 3013 887 145 358 1845 850 151 149
20160107_104805.jpg 5 280 922 53 194 1055 965 88 234 1771 985 97 168 2713 965 79 215 1096 746 95 77
20160107_101535.jpg 6 765 957 54 466 1436 987 120 108 1886 994 82 305 2811 830 177 417 2450 1015 29 25 163 1013 103 130
20160107_105552.jpg 3 41 826 223 262 1266 1028 36 82 1527 1022 458 57
20160107_103151.jpg 6 2981 1163 109 173 2230 1176 64 334 1740 1124 91 401 1396 1187 71 317 990 1257 140 107 0 1246 797 77
IMG_1723.jpg 3 1789 1332 94 208 2521 1157 181 113 442 1286 274 281
20160107_110741.jpg 5 206 1098 175 169 489 1111 277 62 1368 1026 354 262 2021 1213 1154 234 2278 998 969 175
20160107_111444.jpg 5 1000 1324 361 69 1762 1307 114 164 2152 1281 142 140 2430 1198 60 190 339 1377 162 51
20160107_103047.jpg 6 2480 748 776 162 367 972 97 316 1161 876 75 295 1686 878 79 254 2093 857 68 207 2271 822 336 190
20160107_101528.jpg 2 1218 1124 911 69 2180 1129 1061 257
20160107_103713.jpg 8 2976 891 234 147 1666 822 106 53 535 1009 97 253 957 1033 95 190 1531 985 132 308 2363 957 53 320 1333 952 67 75 3100 1057 75 233
20160107_110321.jpg 7 13 746 777 427 922 1124 2066 428 1107 787 282 269 1486 837 1097 240 1862 706 193 162 972 791 193 82 2273 670 345 183
20160107_103653.jpg 7 82 920 682 125 2343 1133 112 362 3139 1416 62 127 1799 1131 86 207 1353 1139 73 186 981 1031 51 292 119 1068 661 122
20160107_103920.jpg 9 26 865 727 123 3079 974 116 97 2689 1059 84 425 2084 944 45 344 1803 863 78 106 1340 939 68 236 1668 985 60 66 835 883 143 125 1127 857 90 59
IMG_1722.jpg 5 1568 1378 77 410 2602 1157 137 247 1816 1308 38 127 1843 1101 230 94 3312 1116 115 205
20160107_111329.jpg 15 8 1172 184 238 583 1200 57 114 1051 1213 35 82 1349 1187 55 93 1782 1239 25 47 2041 1155 170 131 2461 1187 103 214 2854 1198 82 121 2907 1081 53 49 1803 1074 154 86 1190 1072 395 73 147 1092 437 68 1272 1026 1042 32 2648 1018 144 66 2147 1102 151 67
20160107_105050.jpg 6 295 872 193 288 1194 815 291 269 1777 848 289 301 2208 652 132 151 2978 828 245 297 3035 602 99 90
20160107_110134.jpg 13 145 841 82 171 572 800 75 225 829 804 72 178 1264 791 57 141 1560 815 70 140 1921 759 25 155 2236 733 49 179 2606 733 49 170 2989 752 56 171 2685 1348 360 297 1853 1146 160 464 968 1233 151 388 67 1211 173 417
20160107_102808.jpg 2 687 891 1899 173 2243 957 884 279
20160107_105822.jpg 4 1003 1133 558 114 1943 1033 46 64 2356 1011 388 175 2724 904 395 110
20160107_103230.jpg 12 121 807 119 225 798 820 79 310 580 772 75 110 1425 911 55 166 1164 820 62 127 1675 794 334 103 2045 900 90 236 2278 904 81 86 2667 789 125 356 2894 772 220 186 3126 954 106 154 1396 804 60 84
20160107_105814.jpg 7 496 1150 146 67 750 1133 45 57 981 1131 99 83 1053 1044 371 92 1327 1133 188 97 1597 1142 327 107 2210 1148 504 195
20160107_104843.jpg 7 41 1057 227 88 502 1076 304 125 1212 1089 109 117 1692 1126 69 145 2247 1192 82 175 2817 961 82 195 3085 1266 136 231
20160107_102450.jpg 4 1083 1085 719 129 2365 1094 97 140 2780 1155 73 153 2471 1026 117 206
20160107_101508.jpg 8 1649 1076 961 119 1216 1063 53 114 953 1061 72 227 430 1115 93 221 19 1033 62 62 663 1024 47 88 3074 1185 69 86 1362 1024 55 114
20160107_105745.jpg 1 1951 1163 839 206
20160107_104845.jpg 6 400 1187 116 214 2162 1135 154 197 1320 1161 43 184 2937 998 121 316 1875 820 49 55 2154 802 40 40
20160107_101458.jpg 7 54 1011 88 208 400 1050 195 227 1157 959 116 347 2038 1059 56 179 1686 898 97 153 2476 931 62 101 2774 972 97 221
20160107_102804.jpg 2 1109 867 1849 104 1227 970 1565 105
20160107_104519.jpg 12 32 994 58 68 243 1068 140 62 676 1096 171 77 1029 1087 147 84 1401 1135 151 86 1799 1174 77 93 2389 1165 210 197 2983 998 275 386 2121 1013 75 73 2535 931 85 44 2909 957 70 75 2067 946 146 75
20160107_101546.jpg 2 217 852 1977 171 2086 778 1144 245
20160107_110028.jpg 6 82 1068 238 231 678 1096 269 260 1769 1102 562 291 2907 1150 329 251 2580 959 127 123 1029 941 51 69
20160107_110653.jpg 9 713 904 663 91 931 1198 84 156 208 1096 130 218 1470 1050 199 382 2154 1070 255 255 2367 837 654 121 2406 954 177 193 2861 1089 271 236 1888 846 123 160
20160107_110724.jpg 6 707 1263 255 199 1290 1189 203 206 1786 1041 364 180 261 1013 94 112 2448 968 59 88 2791 1015 415 154
20160107_111426.jpg 11 21 931 489 503 709 1126 693 149 1856 1033 231 216 2071 1078 795 43 2944 1024 70 82 1183 913 145 69 2117 909 133 103 1003 887 101 38 837 922 127 68 1921 904 47 49 3022 865 216 177
20160107_110356.jpg 8 6 743 608 750 607 907 327 394 1142 1172 436 186 1068 728 647 110 1344 907 280 299 1729 887 1470 206 2182 1511 303 273 2067 720 612 175
20160107_110338.jpg 12 113 1411 170 308 511 1316 227 440 944 1261 218 343 1288 1261 349 101 502 798 978 297 272 774 153 249 646 622 255 203 1157 630 280 243 1721 676 736 197 1977 846 1024 262 2722 1044 516 675 4 569 90 167
20160107_102618.jpg 2 1107 974 199 127 1714 950 441 121
20160107_104536.jpg 10 202 1148 112 125 1055 1157 138 81 1899 1142 125 125 2637 1170 86 62 1954 902 553 99 674 909 412 73 1111 883 506 77 1760 830 175 80 2641 909 336 118 500 876 182 71
IMG_1718.jpg 4 1918 1276 150 427 926 1566 62 203 1145 1310 147 225 3392 1262 222 74
20160107_101524.jpg 5 911 865 40 123 1198 826 84 245 1331 815 214 95 1823 735 195 501 2680 602 136 536
20160107_103345.jpg 6 1196 867 178 99 787 939 53 356 43 996 260 162 1579 924 160 345 2421 837 162 484 3039 878 115 293
20160107_110115.jpg 6 56 720 151 286 522 802 149 295 889 959 54 155 1349 896 66 303 1914 891 101 315 2487 881 88 340
IMG_1727.jpg 8 1634 615 35 69 1894 685 28 106 554 732 62 112 2507 571 67 242 3295 649 166 171 2796 987 111 295 1466 977 123 351 678 1006 62 245
20160107_101520.jpg 6 1940 780 167 88 143 724 182 643 1410 952 140 615 1053 807 170 153 2149 800 180 290 2807 617 194 671
20160107_101540.jpg 6 1022 846 241 129 1936 820 267 157 1521 898 131 445 217 833 71 457 2632 859 511 642 822 1087 53 47
20160107_102849.jpg 7 2754 1407 495 292 528 991 84 508 393 865 78 108 2835 920 155 275 2783 767 75 71 2051 811 95 456 1323 911 85 112
20160107_111554.jpg 4 1146 1031 80 88 1377 978 288 180 1860 1087 34 73 2152 1139 122 125
20160107_110423.jpg 8 317 1213 132 212 32 1024 956 173 848 1229 138 185 994 911 499 497 1497 957 416 331 1986 1000 578 282 2343 913 602 293 1632 865 181 90
20160107_110051.jpg 5 28 1150 449 145 770 1198 173 169 1192 1150 277 221 1904 1105 349 268 2743 1081 350 323
20160107_105850.jpg 4 681 1081 273 66 1220 1039 386 130 1688 1137 525 125 2578 1170 515 112
20160107_104515.jpg 10 78 1246 519 153 885 1318 186 164 1608 1300 142 252 2382 1363 173 284 735 1083 1067 20 1018 1122 467 49 2487 1070 240 57 3205 1118 29 55 2099 974 260 99 842 1035 105 53
20160107_102702.jpg 4 931 978 2268 45 1159 1031 1172 109 2471 889 767 258 36 933 1113 216
20160107_101229.jpg 5 624 1018 90 177 2041 1026 112 143 2578 894 29 75 2861 900 23 79 2985 922 86 86
20160107_104834.jpg 6 228 1289 86 104 737 1296 80 82 1242 1246 10 88 1721 1248 46 88 2184 1239 49 121 339 1596 580 210
20160107_103904.jpg 7 1072 676 73 53 237 709 127 55 1703 822 1531 70 93 976 64 206 548 952 53 254 1157 887 97 273 1673 861 97 229
20160107_111103.jpg 10 189 1033 253 114 635 1115 47 119 950 1207 60 123 1048 1087 32 27 1292 1170 88 166 1488 1037 36 88 1760 1050 38 75 2106 1133 97 151 2432 1257 138 188 3031 1129 101 257
20160107_101629.jpg 4 422 878 94 676 1272 937 141 377 1627 920 332 225 2254 985 932 175
20160107_111413.jpg 10 226 1139 73 175 402 1152 38 49 95 1142 47 96 374 1374 125 215 678 1146 171 105 1094 1194 58 153 1360 1152 77 230 1618 1189 80 180 1875 1183 136 212 2867 1244 152 279
20160107_110045.jpg 3 47 1176 500 138 755 1126 516 291 2043 1150 891 267
20160107_104645.jpg 7 141 1283 976 145 1390 1246 177 160 2088 1196 143 218 2752 1163 197 280 2411 1096 79 97 1795 1155 133 149 3061 1044 119 164
20160107_105128.jpg 6 400 1033 218 336 1142 1041 310 313 1695 1041 77 132 2160 1133 199 234 2524 1035 721 105 913 987 73 223
20160107_101752.jpg 6 1318 867 23 165 1072 878 58 91 1551 813 504 136 2130 852 86 156 2345 891 232 260 2981 874 116 138
20160107_110146.jpg 10 15 506 147 219 32 854 241 141 711 996 64 127 1140 931 201 355 1712 1026 293 445 2306 1437 834 349 2206 537 1035 175 970 604 1000 60 698 652 34 25 2926 117 49 62
20160107_101506.jpg 10 71 1065 84 197 539 1063 71 158 380 1115 34 32 765 1061 217 90 1194 1059 66 131 1745 1007 116 279 1967 1055 216 57 2315 1005 112 68 2471 1100 134 125 2989 1028 101 147
20160107_103435.jpg 5 13 976 1698 249 272 1126 410 188 2184 1020 223 73 2981 1129 253 235 1788 987 341 203
20160107_103052.jpg 6 2563 1089 86 212 3100 961 47 114 1845 1024 62 219 1342 1007 75 183 1016 1024 64 153 337 1041 521 89
20160107_111148.jpg 4 461 1111 110 221 1098 1052 54 128 2341 1150 118 149 2746 1055 70 107
IMG_1721.jpg 5 1899 1301 130 222 877 1126 169 343 82 1208 96 89 2339 1252 113 171 3217 1262 317 52
20160107_105843.jpg 4 45 1057 395 236 744 1179 738 109 1712 1209 68 47 2796 1055 362 414
20160107_101341.jpg 5 1336 665 64 114 1009 1070 97 412 1927 711 28 127 3159 820 60 114 3000 667 169 60
20160107_103022.jpg 8 4 865 308 193 537 1015 58 182 861 924 101 116 1175 687 107 499 1849 728 173 358 2458 867 99 313 3007 824 155 275 2733 794 66 55
20160107_104813.jpg 7 132 950 391 88 683 968 373 46 842 1159 38 60 1266 1189 29 91 2014 1205 34 107 2750 1255 75 144 2326 998 233 42
20160107_110658.jpg 2 572 944 658 512 1521 1035 1186 166
20160107_103448.jpg 5 108 924 3104 136 1934 857 621 70 450 1026 75 238 1235 974 84 273 1660 948 81 266
20160107_104726.jpg 11 644 994 70 90 1194 996 82 77 1477 820 314 192 2184 885 275 116 2515 924 734 29 2363 704 196 56 2748 724 49 60 2944 704 79 58 3185 706 36 36 1629 693 180 84 2117 706 116 62
20160107_111302.jpg 4 1381 996 69 184 1684 1020 297 120 2615 937 106 88 3026 957 204 81
20160107_110013.jpg 5 822 1242 560 207 1793 1142 94 170 2260 1092 332 240 3155 1059 92 190 2683 1092 74 83
20160107_103813.jpg 8 2704 948 552 84 1536 904 332 47 17 896 323 90 607 1107 392 142 1431 1070 43 155 1823 1120 45 103 2341 1098 29 149 2800 1085 95 188
20160107_103320.jpg 7 63 978 329 228 752 985 80 373 1270 1065 110 132 1634 1059 64 255 1886 1013 77 134 2411 1028 90 271 2874 1074 182 193
20160107_103313.jpg 7 202 909 110 277 822 920 110 253 1272 837 136 136 1653 985 101 245 2424 976 98 293 2935 957 110 244 2025 896 54 92
20160107_103331.jpg 8 1340 850 958 116 119 894 378 51 280 1083 53 199 1048 1024 67 260 1753 1026 88 232 2476 946 112 294 3085 863 73 347 2691 778 112 214
20160107_103344.jpg 8 2195 874 1056 90 2630 1237 615 512 2413 1007 70 325 2004 950 144 116 1712 920 123 275 1340 963 90 334 816 998 103 395 126 1020 127 344
20160107_102853.jpg 7 635 1031 216 194 1190 1028 66 226 1729 850 165 177 2110 881 67 138 2469 909 69 168 2837 824 92 216 3187 848 64 171
20160107_105102.jpg 5 343 950 230 282 889 933 200 353 1373 876 299 132 1692 1089 245 208 2680 1087 556 260
20160107_103513.jpg 3 45 630 754 108 565 752 2223 51 143 848 343 186
20160107_103433.jpg 5 435 941 99 284 1305 926 134 317 1719 837 64 92 2088 926 80 245 2852 735 134 427
20160107_104815.jpg 7 448 1135 140 134 918 1100 114 197 1618 1068 91 151 2265 1081 131 162 2972 1109 114 145 2001 865 54 80 2524 841 42 97
20160107_111141.jpg 6 30 1074 1217 34 365 1139 656 188 274 1294 203 240 1301 1085 567 456 1838 1039 621 282 2952 985 289 395
20160107_110249.jpg 8 41 878 319 243 611 813 138 477 1042 839 123 69 1375 952 338 386 1919 813 301 375 2545 746 452 362 2471 1244 591 373 3022 989 88 356
20160107_111119.jpg 7 60 1046 598 73 28 1239 1165 156 1253 1044 362 72 1627 1220 671 62 2841 1163 158 112 1945 1035 393 75 2352 1009 149 268
20160107_104703.jpg 10 26 757 551 175 831 1018 101 75 1547 920 214 186 872 1078 184 112 1930 846 545 216 2717 889 511 140 2983 685 110 55 2724 656 131 73 2563 613 62 129 2173 676 267 40
20160107_111253.jpg 4 911 978 119 334 2587 881 149 262 3085 954 64 80 1938 920 73 90
20160107_101543.jpg 4 398 859 512 170 2391 502 858 532 1242 715 162 556 1901 733 276 190
20160107_101415.jpg 4 628 948 352 223 992 985 860 84 1875 981 310 59 2247 959 1015 110
20160107_103935.jpg 10 1819 1057 962 177 2878 1300 308 356 552 1009 282 84 2099 1331 64 258 1433 1305 75 231 1003 1237 51 238 670 1233 59 192 89 1211 116 195 402 1150 62 225 2963 1087 77 45
