20160107_102740.jpg 3 576 768 859 610 1702 895 466 240 2244 876 769 298
20160107_111222.jpg 1 1627 1044 458 173
20160107_104939.jpg 3 844 1071 696 469 1545 1045 582 517 2212 1010 769 664
20160107_110545.jpg 6 239 1115 504 447 833 1137 554 386 1294 1129 552 322 576 1039 188 158 2017 1100 621 304 1675 1113 567 297
20160107_103216.jpg 4 672 780 594 467 1303 790 651 450 1778 780 852 394 2295 758 750 393
20160107_103306.jpg 2 2486 889 743 460 1966 898 747 393
20160107_111203.jpg 6 1821 976 416 223 2271 981 600 357 578 978 332 254 824 928 191 158 1066 928 212 149 339 907 173 133
20160107_101630.jpg 2 532 707 1190 766 1944 621 1011 868
20160107_110331.jpg 16 2698 1268 390 390 2300 1276 320 339 1869 1261 303 310 1457 1244 358 284 424 1026 495 177 1138 896 296 120 2439 852 223 114 2774 907 264 199 2937 826 129 97 1919 796 118 103 1525 750 105 55 1919 1057 308 279 1623 1085 308 242 2284 1107 249 284 2602 1115 273 280 992 837 205 132
20160107_103739.jpg 5 404 1125 798 431 1020 1141 702 463 1683 1122 619 552 2346 1118 530 202 2400 1243 546 488
20160107_105019.jpg 1 2438 863 811 495
20160107_103036.jpg 1 564 962 202 138
20160107_110243.jpg 3 722 422 880 505 1632 182 727 384 1671 839 1167 880
20160107_103921.jpg 4 647 867 491 169 784 969 638 460 1466 914 568 546 1979 1004 772 507
20160107_101711.jpg 4 1364 752 288 262 1718 806 265 186 2008 758 300 237 870 851 68 55
20160107_103130.jpg 1 1392 796 1436 444
20160107_110029.jpg 1 9 918 820 530
20160107_110851.jpg 9 663 1139 397 249 996 1218 573 323 1344 1115 191 143 1927 1120 147 125 2086 1120 180 129 1945 1229 469 403 2341 1139 205 154 2506 1235 493 390 2432 1098 114 110
20160107_105118.jpg 4 500 774 422 151 809 701 760 492 1552 736 527 450 2256 733 562 466
20160107_101759.jpg 2 133 602 1063 638 1122 541 938 728
20160107_101426.jpg 8 1252 838 218 132 1431 828 211 145 1628 841 215 144 1848 867 177 128 2046 863 183 135 2282 876 157 138 2683 902 234 154 2546 924 129 90
20160107_103348.jpg 2 478 758 826 384 1740 790 852 473
20160107_110655.jpg 3 1756 1024 571 432 2389 1076 519 443 1159 941 709 497
20160107_101527.jpg 4 242 892 724 342 98 898 307 135 2065 876 482 199 2926 854 173 119
IMG_1719.jpg 2 1357 899 1372 726 525 989 1210 566
20160107_102638.jpg 3 1013 972 237 173 1389 975 259 199 851 997 119 90
20160107_110755.jpg 4 1423 1163 653 336 385 1179 677 436 1020 1118 258 144 2382 1087 735 275
20160107_101850.jpg 2 860 860 926 543 1902 596 786 842
20160107_105137.jpg 4 98 838 801 520 946 831 282 145 1667 841 437 218 2081 835 705 281
20160107_103507.jpg 2 366 918 396 147 847 882 607 304
20160107_103923.jpg 3 9 787 839 511 605 758 776 457 1765 752 231 106
20160107_105029.jpg 3 624 940 795 469 1389 918 553 466 2059 847 686 617
20160107_105016.jpg 3 420 1026 409 163 51 1039 597 520 768 1004 667 495
20160107_110026.jpg 4 2562 949 677 543 1791 930 648 489 564 825 874 476 1051 927 811 438
20160107_102901.jpg 2 1753 933 425 186 2333 882 810 272
IMG_1728.jpg 3 221 705 645 370 817 1113 1107 512 1527 1123 983 463
20160107_105859.jpg 1 2342 930 585 259
20160107_101213.jpg 4 1048 876 1136 588 2081 863 890 655 449 882 1161 480 2766 927 314 253
20160107_101419.jpg 5 312 969 559 262 1010 984 479 250 1574 1013 243 151 1749 978 397 256 2119 1016 148 132
20160107_103757.jpg 4 350 991 808 536 1042 988 642 530 1829 873 686 607 2419 886 842 552
20160107_103444.jpg 3 274 870 546 173 1616 806 680 485 2282 867 597 482
20160107_105738.jpg 2 1303 1032 97 68 1577 1010 215 144
20160107_102846.jpg 6 828 981 259 157 1102 975 225 154 1354 962 199 157 1593 927 218 176 1810 930 253 180 2046 956 243 160
20160107_104016.jpg 3 688 882 715 508 1220 898 872 454 1727 886 757 396
20160107_104911.jpg 2 242 847 810 652 994 812 811 559
20160107_101459.jpg 3 465 927 795 454 1220 921 652 482 2004 886 690 533
20160107_102838.jpg 2 2307 1071 757 409 1676 975 836 482
20160107_103954.jpg 5 270 1166 808 467 1042 1102 575 492 1775 1160 489 450 1791 1051 291 129 2304 1147 747 450
20160107_103741.jpg 3 1746 949 760 416 2323 991 782 511 366 860 253 132
20160107_103403.jpg 3 659 873 696 476 1415 851 527 447 2033 742 814 546
20160107_103412.jpg 1 2177 790 861 575
20160107_110315.jpg 19 1636 1089 282 221 1035 1129 595 251 990 1052 290 210 1531 931 206 172 2306 933 212 179 2824 891 332 138 1784 952 208 158 2121 835 149 125 1488 746 140 94 1555 791 154 117 1003 933 233 153 748 891 275 173 639 994 343 270 221 1111 630 234 496 922 231 149 263 887 264 169 1344 746 134 88 576 730 182 95 2269 685 92 77
20160107_111458.jpg 3 2180 1120 693 368 1725 1098 669 362 1109 1155 584 268
20160107_110407.jpg 13 1031 950 219 188 757 981 264 172 889 1263 591 436 1294 1170 639 434 1690 1174 558 319 1481 918 125 109 1810 913 136 119 1995 937 140 110 2193 941 173 108 1651 924 112 110 2017 857 96 77 2598 946 190 120 2106 904 136 102
20160107_110348.jpg 13 478 1072 369 142 1014 1226 355 228 1277 1255 356 238 1595 1270 333 251 1166 989 245 104 1895 1276 336 295 2249 1294 332 338 2563 1046 175 175 2387 981 205 107 1951 926 134 97 1786 1165 258 210 1840 939 143 77 1079 941 197 112
20160107_101827.jpg 3 605 771 562 380 1252 739 438 377 1686 729 539 409
20160107_111117.jpg 5 805 1063 162 136 1249 1179 444 390 1732 1163 638 408 1544 1115 330 304 2236 1196 609 342
20160107_105733.jpg 1 1877 857 313 167
20160107_110002.jpg 2 200 1080 460 151 2055 1023 766 396
20160107_110807.jpg 4 1127 1083 299 210 1431 1059 347 238 1736 1072 269 208 2217 1078 534 212
20160107_111121.jpg 2 2210 1105 772 349 1795 1115 767 304
20160107_110103.jpg 3 548 997 638 476 1077 921 658 453 1517 930 724 422
20160107_105601.jpg 4 653 997 479 298 1555 975 141 81 1918 972 234 131 2307 965 518 253
20160107_104643.jpg 4 197 1039 677 514 965 1039 540 495 1517 1045 590 466 2017 1077 750 447
20160107_101644.jpg 1 277 825 1078 441
20160107_104705.jpg 3 583 761 769 620 1472 768 342 307 1979 768 823 533
20160107_111355.jpg 3 1947 857 710 455 1364 859 675 412 163 870 373 179
IMG_1724.jpg 1 899 999 1604 860
20160107_102454.jpg 2 685 1058 489 307 1928 1099 138 103
20160107_105758.jpg 2 1102 1109 228 144 1568 1074 498 288
20160107_104552.jpg 5 3002 914 116 94 2122 940 161 71 704 972 801 472 1402 975 674 501 2106 1035 626 521
20160107_105624.jpg 1 1880 1099 74 49
IMG_1720.jpg 2 744 1104 1927 725 2412 1194 1151 472
20160107_111501.jpg 3 883 983 558 375 1457 963 676 334 2119 865 749 362
20160107_102646.jpg 3 1153 863 591 368 1762 825 498 374 2390 822 613 409
20160107_105002.jpg 1 1603 768 849 536
20160107_101310.jpg 4 1157 870 460 189 255 873 147 109 478 873 144 106 672 857 164 119
20160107_103136.jpg 4 239 1115 412 176 831 1106 693 224 1552 1086 788 250 2731 1093 228 195
20160107_111349.jpg 7 2276 1020 327 149 1982 1048 266 140 1353 1078 253 147 1129 1085 249 153 526 1115 680 241 1527 1022 299 186 30 1139 127 75
20160107_104830.jpg 3 286 949 648 505 1335 988 645 342 3063 902 173 77
20160107_104036.jpg 3 790 1064 750 444 1479 1032 890 457 1067 988 444 176
20160107_110053.jpg 1 1545 1061 684 339
20160107_101241.jpg 6 248 911 199 148 357 914 335 183 911 898 642 314 1922 889 590 316 1565 870 587 310 717 911 469 186
20160107_103822.jpg 2 15 930 770 546 1408 994 674 345
20160107_101316.jpg 1 127 1051 728 387
20160107_102521.jpg 5 1992 1032 135 100 2119 1000 212 174 2441 1045 157 109 1871 1039 192 135 1600 1016 316 263
20160107_101455.jpg 5 529 1010 810 383 949 959 827 425 1609 943 565 326 1998 975 530 310 2562 978 272 189
20160107_102628.jpg 4 918 1010 405 291 2317 1032 275 113 1262 1045 230 132 2597 1045 161 87
20160107_110716.jpg 4 591 833 447 388 1146 883 397 325 1579 857 545 366 2295 939 665 304
20160107_110843.jpg 5 121 1216 591 553 1192 1211 654 356 1636 1202 577 306 2034 1152 613 321 2539 1137 343 164
20160107_110307.jpg 6 335 1248 495 232 71 1329 487 264 1370 915 297 130 1849 1024 336 173 265 1028 221 104 1560 968 251 122
20160107_105119.jpg 3 567 851 533 472 1131 835 626 418 1590 831 757 403
20160107_110018.jpg 3 191 1010 788 476 908 1023 552 460 1727 1016 731 457
20160107_103501.jpg 3 54 800 721 606 736 825 693 447 1255 806 731 393
20160107_103012.jpg 2 618 921 208 163 1249 863 501 314
20160107_111424.jpg 4 2062 1076 445 373 2580 1007 652 455 1353 1048 488 388 779 1068 586 349
20160107_101537.jpg 2 1026 576 989 843 1813 831 345 279
20160107_105017.jpg 4 2167 876 393 157 1938 879 530 470 1300 841 540 514 554 943 769 457
20160107_101411.jpg 5 290 768 418 240 1558 736 266 269 1998 714 642 501 2588 822 294 176 1380 838 128 96
20160107_101741.jpg 4 344 972 476 319 761 1004 467 256 1131 1004 466 249 1635 997 829 301
20160107_111314.jpg 4 1821 798 560 392 1205 798 686 373 1066 813 325 147 2437 778 194 180
20160107_104553.jpg 4 264 780 113 88 92 879 725 556 969 914 641 515 1625 889 757 530
20160107_102459.jpg 1 2132 1064 524 365
20160107_102721.jpg 4 946 975 237 183 1195 949 253 196 1456 946 444 294 1638 921 795 428
20160107_110837.jpg 4 798 1218 536 353 1281 1244 502 321 1788 1205 410 366 2258 1118 360 303
20160107_101501.jpg 3 586 972 833 466 1412 940 571 485 2126 949 609 464
20160107_101508.jpg 3 1322 1023 489 230 621 988 556 316 165 1039 540 323
20160107_103237.jpg 4 194 742 922 508 1039 793 670 460 1730 634 655 638 2365 691 845 613
20160107_104941.jpg 2 631 914 689 604 1287 1004 687 444
20160107_105027.jpg 3 2126 1042 813 498 1389 943 900 514 736 809 504 237
20160107_111231.jpg 4 354 1266 698 377 1061 1222 669 284 2252 1150 173 106 2454 1135 330 125
20160107_103831.jpg 3 98 1051 515 441 647 1007 587 412 1090 943 568 377
20160107_110350.jpg 4 176 321 878 463 387 374 1047 675 829 509 1115 729 1218 582 1326 1128
20160107_104530.jpg 3 414 882 288 84 2626 886 307 128 659 889 865 501
20160107_102754.jpg 5 1220 895 228 212 870 895 485 358 1520 962 141 113 1995 981 230 142 2540 946 683 310
20160107_105046.jpg 4 1989 765 724 475 1447 777 670 422 972 780 692 368 172 816 265 125
20160107_103743.jpg 4 210 1013 546 189 210 1134 549 460 828 1039 712 543 1361 1080 676 435
20160107_103401.jpg 2 1772 758 724 406 2403 739 740 495
20160107_110423.jpg 8 167 1163 367 288 818 1005 362 194 1064 1148 421 284 1608 1041 201 132 1412 1031 249 125 1810 1048 201 134 2034 1044 197 122 2439 1022 153 97
20160107_102445.jpg 6 1153 1144 212 151 1415 1131 138 87 2371 1169 511 247 1800 1115 68 46 1577 1134 97 65 930 1195 164 93
20160107_103300.jpg 3 720 851 543 437 1380 870 600 466 1922 851 721 498
20160107_105101.jpg 1 1944 927 750 521
20160107_103820.jpg 4 124 1013 718 422 729 969 680 520 1453 1042 501 489 1931 1045 718 517
20160107_102509.jpg 4 178 1106 890 584 1185 1169 135 94 1568 1173 112 80 1718 1169 106 84
20160107_103845.jpg 3 283 969 543 185 704 1004 670 498 1217 1058 747 412
20160107_104948.jpg 1 251 768 986 747
20160107_103252.jpg 3 261 879 887 444 1029 870 645 447 1730 867 562 472
20160107_103044.jpg 1 580 930 163 116
20160107_102643.jpg 3 809 882 390 298 1259 867 431 316 1683 882 485 320
20160107_101326.jpg 3 1035 918 757 456 1880 965 253 177 2502 838 753 552
20160107_101709.jpg 4 806 895 361 183 1077 844 466 228 1514 867 409 176 2062 851 275 112
20160107_103641.jpg 2 98 857 814 489 761 854 763 396
20160107_101504.jpg 8 315 978 307 192 666 953 256 201 905 918 422 358 1259 969 214 169 1494 965 228 173 1600 924 906 476 2103 873 1063 498 223 940 192 163
20160107_105958.jpg 3 1268 796 460 409 583 710 581 451 1294 838 1572 686
20160107_104807.jpg 3 1364 752 728 441 1861 841 782 438 2546 867 699 523
20160107_104847.jpg 1 627 615 919 657
20160107_105000.jpg 3 1934 822 782 536 1443 729 527 623 398 707 897 696
20160107_101443.jpg 5 439 1016 480 301 889 1032 383 269 1275 1055 291 227 1641 1029 253 231 2231 701 1024 785
20160107_101234.jpg 1 137 854 657 256
20160107_105125.jpg 2 780 937 846 329 1702 949 817 291
20160107_101514.jpg 1 675 1023 604 249
20160107_102500.jpg 2 2272 1122 342 211 2626 1071 428 160
20160107_104613.jpg 3 188 704 657 342 729 717 719 367 2081 828 846 706
20160107_103843.jpg 2 1976 969 571 463 1322 860 760 495
20160107_104505.jpg 3 385 914 253 142 819 825 705 610 1609 902 642 472
20160107_105130.jpg 3 2416 911 609 495 1737 886 696 472 1039 895 842 432
20160107_103722.jpg 5 344 1029 759 486 1596 959 209 173 1702 991 543 511 1071 1013 514 479 2285 991 833 530
20160107_111219.jpg 4 2021 1050 623 521 95 1126 700 275 1055 1096 510 223 1521 1087 503 247
20160107_105837.jpg 2 506 1118 263 180 1893 1061 84 84
20160107_110104.jpg 4 146 953 846 539 984 965 531 464 1918 962 505 457 2470 975 708 473
20160107_110819.jpg 7 824 1028 732 460 1605 1031 569 477 2300 1046 651 516 2772 1007 490 353 2030 968 197 166 2293 924 99 58 2291 972 205 171
20160107_101512.jpg 2 334 946 964 381 1271 902 1595 558
20160107_111106.jpg 4 263 1044 395 279 744 996 621 427 1279 1052 478 328 641 1007 180 77
20160107_103650.jpg 4 197 994 868 521 978 988 706 546 1826 892 747 568 1686 860 253 234
20160107_110705.jpg 3 544 996 233 225 1599 1002 1278 521 1425 974 543 234
20160107_104828.jpg 3 1179 984 469 394 1698 911 575 482 2138 984 776 406
20160107_110752.jpg 5 700 935 539 545 1320 935 97 92 1379 1057 506 403 1899 1063 652 421 2702 1018 306 157
20160107_104740.jpg 3 433 701 855 552 1255 800 569 460 1976 838 575 453
20160107_111304.jpg 8 248 828 294 154 435 817 331 165 1325 824 492 266 1853 828 86 71 1925 815 199 164 2178 824 277 218 2502 807 382 238 2891 804 363 225
20160107_104957.jpg 1 1902 723 1066 578
20160107_104750.jpg 2 490 745 706 438 1045 771 702 412
20160107_102123.jpg 4 784 688 345 259 953 688 428 282 1188 678 505 336 1670 618 833 514
20160107_105558.jpg 4 1096 959 288 208 2040 997 154 119 1845 988 97 68 1310 978 166 125
20160107_103715.jpg 3 188 876 578 463 784 876 594 425 1265 847 638 419
IMG_1717.jpg 1 588 1057 930 466
20160107_104902.jpg 2 905 720 721 371 404 800 817 364
20160107_103052.jpg 1 2180 937 900 434
20160107_104836.jpg 3 2613 886 416 268 2154 914 460 256 1772 918 453 217
20160107_101831.jpg 3 548 882 520 215 937 822 495 224 1555 838 345 141
20160107_101853.jpg 1 669 605 1034 820
20160107_105619.jpg 2 1973 1217 246 173 2215 1102 689 457
20160107_101621.jpg 2 1402 408 1792 1234 127 471 1365 811
20160107_111201.jpg 7 2820 1037 223 169 2602 1085 340 275 2047 1129 432 377 1762 1070 367 247 1392 1070 393 218 2337 1018 159 122 807 1098 697 336
20160107_111248.jpg 4 1312 1126 673 282 472 1185 980 434 1940 1165 480 154 2783 1148 192 66
20160107_110533.jpg 2 783 965 665 321 1249 907 738 364
20160107_104724.jpg 3 784 714 645 552 1284 672 852 549 2272 685 980 469
20160107_104011.jpg 5 857 914 616 342 1290 889 636 460 1982 882 505 464 2435 816 211 176 2610 879 629 505
20160107_105805.jpg 2 733 1157 469 367 2486 1268 167 145
20160107_101422.jpg 5 2648 953 266 163 2231 902 422 278 1966 965 282 154 1616 975 291 135 602 988 230 125
20160107_104538.jpg 2 2970 879 94 68 1836 857 842 562
20160107_104035.jpg 4 675 863 317 142 86 895 836 486 841 873 702 575 1686 975 517 489
20160107_101210.jpg 2 216 867 865 695 1294 860 823 594
20160107_105818.jpg 5 1096 1109 90 58 1255 1112 84 62 1475 1106 122 93 1670 1039 208 205 2291 994 782 384
20160107_110137.jpg 8 2852 776 317 234 2371 1009 826 754 1379 961 724 593 2014 761 334 245 2365 770 290 231 1775 811 319 173 1518 813 315 166 698 913 954 582
20160107_101200.jpg 4 946 927 1155 610 2205 882 993 747 1778 873 604 457 385 892 1095 546
20160107_104804.jpg 2 758 819 722 527 1310 892 750 387
20160107_105845.jpg 3 1326 1064 233 161 1447 1055 345 214 1848 965 789 448
20160107_103900.jpg 2 2291 1061 961 584 1702 1083 912 470
20160107_104712.jpg 2 1176 1122 195 141 1944 1077 492 195
20160107_103755.jpg 3 130 1007 836 536 723 975 843 431 1220 949 827 403
20160107_103031.jpg 2 1007 631 1088 686 2157 446 1079 896
20160107_110556.jpg 4 230 822 667 577 1066 900 464 397 1538 885 532 366 2012 820 667 414
20160107_104033.jpg 2 2068 991 817 501 2527 959 336 154
20160107_101323.jpg 5 605 851 667 272 1131 812 492 218 1969 876 87 74 1855 873 90 81 1746 879 94 75
20160107_104646.jpg 3 729 825 687 288 1883 819 754 396 2381 812 769 464
20160107_101518.jpg 2 191 707 1359 884 1660 510 1289 1033
20160107_104817.jpg 4 44 870 569 495 627 879 655 435 1137 882 684 390 1632 876 673 368
20160107_101338.jpg 3 656 943 345 208 1883 908 269 230 2212 870 785 517
20160107_103334.jpg 3 1530 796 858 464 2148 857 782 479 1026 905 699 297
20160107_103041.jpg 1 822 847 686 342
20160107_101353.jpg 5 92 844 508 199 1214 822 591 250 2247 854 976 316 841 860 288 116 653 886 144 90
20160107_102857.jpg 5 63 1016 757 377 653 1096 600 282 1109 1086 492 295 1596 1039 378 348 2097 1083 403 317
20160107_102748.jpg 4 159 720 791 533 1275 863 93 84 1418 879 77 68 2110 873 421 237
20160107_101252.jpg 3 92 870 772 409 1329 911 565 243 1753 911 485 192
20160107_110915.jpg 4 2145 1028 321 297 1303 1002 221 154 737 1078 704 378 1353 1076 604 378
20160107_104738.jpg 3 1501 953 734 386 2033 911 836 556 270 678 174 100
20160107_103639.jpg 3 659 825 636 457 1326 822 606 476 1883 857 722 476
20160107_105810.jpg 6 2142 1284 243 129 2339 1294 355 166 510 1275 220 77 1086 1246 103 87 1421 1236 106 87 1612 1243 151 74
20160107_103018.jpg 1 1851 809 1098 406
20160107_101408.jpg 4 1670 851 208 176 2237 758 865 588 2132 844 77 65 1552 844 135 138
20160107_110821.jpg 7 391 1089 615 502 132 1018 260 181 80 970 147 138 929 1046 386 299 1521 981 880 501 1336 1013 421 293 2123 1078 837 373
20160107_110151.jpg 8 2524 580 355 319 2141 619 379 263 1830 628 364 256 1488 693 406 199 1270 689 365 203 900 689 365 212 561 689 469 227 472 870 1369 866
20160107_110721.jpg 4 887 922 445 355 1353 922 473 329 2060 826 654 375 1753 924 500 284
20160107_101701.jpg 5 2106 803 304 157 2285 803 368 176 1558 838 543 214 841 854 690 256 640 803 722 297
20160107_103655.jpg 4 1035 787 317 183 1714 812 534 269 2129 844 858 330 1418 803 269 154
20160107_101435.jpg 3 325 1013 495 224 758 991 999 377 1689 911 724 355
20160107_110855.jpg 6 121 1133 221 160 245 1216 484 401 757 1185 553 356 1218 1163 617 299 2713 1035 332 134 237 1083 127 99
20160107_102928.jpg 1 280 538 970 581
20160107_110641.jpg 2 2437 1057 521 464 1699 1002 682 432
20160107_104706.jpg 2 1549 755 798 479 2215 669 782 632
20160107_111415.jpg 5 4 1018 571 403 624 1076 417 330 1203 1076 384 325 1597 1037 471 349 2030 1026 612 386
20160107_111601.jpg 6 2411 857 462 190 1808 833 70 53 1727 826 62 58 1849 833 121 107 1912 874 271 249 768 881 1284 429
20160107_104722.jpg 4 796 663 320 173 1239 656 196 125 1520 698 638 523 2295 666 718 584
20160107_105616.jpg 2 1979 1182 106 87 2177 1166 134 116
20160107_105105.jpg 3 1058 914 635 377 567 902 699 469 2559 876 451 192
20160107_104921.jpg 3 2071 981 604 432 1303 943 629 454 557 886 859 492
20160107_102637.jpg 2 1794 994 559 237 1545 994 470 234
20160107_101848_001.jpg 3 471 745 996 597 1389 876 738 492 2205 860 754 572
20160107_110933.jpg 6 2269 1044 295 264 2711 1028 321 256 1581 1046 208 140 1749 1115 434 367 1164 1126 556 358 548 1120 725 388
20160107_103938.jpg 4 309 1115 724 635 962 1102 824 534 1494 1064 853 479 98 1032 260 208
20160107_105833.jpg 3 586 1016 964 502 1861 1071 119 118 2613 1125 110 71
20160107_101330.jpg 6 388 803 735 441 1096 873 492 348 1494 870 212 170 1695 793 470 403 2008 825 221 192 2224 847 126 94
IMG_1726.jpg 2 299 688 2447 1662 2539 663 827 619
20160107_110000.jpg 4 2346 1023 565 460 1689 975 543 454 1131 1058 572 351 545 1000 724 400
20160107_102844.jpg 1 153 981 271 164
20160107_103726.jpg 4 2212 946 546 492 1545 956 668 450 949 962 827 425 2769 876 250 196
20160107_111331.jpg 4 700 1083 356 227 52 1129 606 375 1875 1083 349 160 2526 1105 545 185
20160107_103901.jpg 4 825 809 855 683 1644 742 237 212 1800 787 868 664 15 892 1009 572
20160107_110332.jpg 27 446 1259 405 303 631 1078 353 247 911 1244 319 325 1351 1235 288 308 981 1031 303 283 1342 1072 214 249 1621 1072 229 249 1703 1198 321 349 2051 1196 415 366 1895 1031 310 286 2199 1078 323 249 2469 1068 399 277 1773 881 214 148 2132 898 212 149 47 891 363 134 974 774 125 103 1475 826 208 106 1699 830 155 156 1910 800 103 88 2258 800 143 82 526 726 125 58 441 863 214 119 2071 822 249 90 2319 915 240 125 2389 787 153 86 1840 750 115 92 63 767 207 97
20160107_105031.jpg 1 548 873 769 482
20160107_105053.jpg 1 283 809 916 572
20160107_101657.jpg 4 510 867 440 176 1243 774 699 307 809 847 757 314 2479 698 531 230
20160107_103637.jpg 1 1683 835 654 259
20160107_105827.jpg 3 2632 1208 330 122 583 1233 364 170 1157 1201 179 113
20160107_104748.jpg 6 745 793 199 148 309 803 307 106 672 854 584 447 1364 863 543 464 1883 854 668 441 2384 863 839 457
20160107_104915.jpg 1 1909 490 1078 715
20160107_103956.jpg 2 318 914 607 221 2116 991 769 489
20160107_110239.jpg 1 1481 861 221 273
20160107_101414.jpg 7 3 946 307 141 219 937 292 144 1632 898 252 196 1440 962 106 65 1300 956 138 84 1995 949 109 75 2135 927 103 90
20160107_102750.jpg 8 1475 806 212 164 1647 847 177 158 1351 838 202 160 1115 841 298 227 784 857 472 272 1969 898 132 100 2052 882 263 225 2326 857 390 275
20160107_110305.jpg 9 1168 580 393 249 894 648 430 247 600 711 469 286 1383 539 417 225 1460 439 334 162 2369 293 317 156 1592 1168 952 566 1314 119 127 51 1975 981 1013 575
20160107_105852.jpg 3 905 1147 176 122 2597 1039 658 243 2087 1074 448 173
20160107_111326.jpg 2 1956 1239 577 306 2800 1172 414 264
20160107_105640.jpg 1 1976 1000 482 285
20160107_104913.jpg 2 911 637 776 603 1855 624 788 585
20160107_105133.jpg 4 146 736 208 160 392 726 243 177 650 758 205 135 873 780 230 126
20160107_101757.jpg 1 1845 787 655 332
20160107_103951.jpg 3 420 1112 687 431 984 1093 642 361 1683 994 236 119
20160107_110543.jpg 7 511 1011 234 123 1253 1078 556 332 1666 1041 299 245 1873 1076 421 362 2445 1061 493 449 1381 976 145 90 637 1018 713 381
20160107_101319.jpg 1 162 975 262 93
20160107_105902.jpg 1 2177 1083 453 259
20160107_110639.jpg 6 443 970 524 434 1107 1005 467 394 1603 1005 619 396 2034 933 815 460 1323 922 468 221 1131 937 177 138
20160107_103446.jpg 3 659 873 578 434 1402 867 514 431 1893 879 696 412
20160107_104805.jpg 5 86 793 884 441 908 729 600 250 844 796 626 470 1555 803 546 466 2193 723 826 562
20160107_101535.jpg 2 446 847 1024 594 1577 806 741 572
20160107_105552.jpg 4 1259 997 189 145 1721 1010 74 65 1778 997 138 100 1899 1010 97 74
IMG_1723.jpg 2 1323 963 844 652 2142 797 1081 738
20160107_110741.jpg 3 502 1102 217 69 1451 1111 216 151 1779 1081 724 444
20160107_111444.jpg 5 1251 1213 538 258 1603 1209 508 279 1995 1209 512 284 2389 1102 597 406 230 1289 445 199
20160107_101528.jpg 5 1166 1102 269 158 1504 1090 297 147 1743 1096 269 129 1893 1061 342 157 2205 1074 639 288
20160107_103713.jpg 4 357 886 746 399 1431 914 565 425 749 892 778 412 2129 924 549 444
20160107_110321.jpg 27 970 1363 345 328 1344 1313 408 315 1660 1261 425 297 1962 1202 432 310 2232 1181 499 292 870 1196 292 262 1192 1120 301 301 1473 1139 321 247 1697 1113 321 221 2365 1065 423 206 1225 926 179 114 1549 939 260 160 1856 935 227 125 2014 935 239 118 2178 928 210 112 2308 809 156 73 128 1018 190 135 50 928 140 112 224 931 131 98 559 894 131 116 60 846 104 77 441 846 93 75 1111 874 134 99 528 754 56 51 970 824 99 64 1412 900 205 140 1914 826 147 84
20160107_103653.jpg 2 1233 972 782 370 2075 946 858 553
20160107_103920.jpg 2 1214 911 648 294 1867 902 824 463
IMG_1722.jpg 1 1889 1043 1358 490
20160107_111329.jpg 6 896 1094 325 227 1272 1098 293 243 1638 1113 277 219 2071 1135 552 349 2613 1085 414 249 1882 1081 160 125
20160107_105050.jpg 4 286 682 766 495 930 672 661 505 1756 694 622 467 2330 621 893 533
20160107_110134.jpg 10 105 822 367 208 417 768 374 262 806 780 275 221 1262 780 253 206 1538 785 249 197 1858 739 240 230 2147 735 273 231 2419 711 382 244 755 981 760 690 1599 965 691 715
20160107_102808.jpg 4 369 819 712 345 1131 851 282 221 1679 911 129 106 1373 937 240 103
20160107_105822.jpg 4 1412 1067 310 183 953 1137 224 84 2578 1074 240 176 2616 1023 94 64
20160107_103230.jpg 4 605 777 645 412 1230 809 501 387 1820 822 479 390 2304 800 667 434
20160107_105814.jpg 4 953 1153 109 81 1402 1137 135 84 1708 1112 259 151 2253 1071 661 322
20160107_104843.jpg 1 2027 905 842 539
20160107_102450.jpg 4 1074 1071 281 211 2250 1051 336 209 2476 1051 514 295 1437 1093 68 58
20160107_105745.jpg 3 2448 1102 533 333 1918 1134 113 97 2033 1141 167 122
20160107_104845.jpg 4 200 873 907 568 1045 851 661 606 1800 765 221 205 1842 841 709 588
20160107_101458.jpg 5 223 873 1002 466 959 822 791 517 1772 800 635 558 2371 876 243 189 2486 854 527 339
20160107_102804.jpg 4 1998 908 403 224 1609 857 476 288 1090 924 332 275 1434 905 253 176
20160107_104519.jpg 1 2224 972 881 546
20160107_101546.jpg 2 761 729 556 371 1469 796 584 237
20160107_110028.jpg 3 2304 946 393 154 659 969 607 504 1316 969 702 488
20160107_110653.jpg 4 687 1011 478 445 1364 928 562 491 907 965 349 280 1914 1013 693 408
20160107_110724.jpg 3 156 1013 991 512 805 994 780 410 2223 946 680 266
20160107_111426.jpg 2 252 1011 610 449 776 1052 685 354
20160107_110356.jpg 12 998 1133 223 221 1277 1072 229 253 713 1133 278 212 156 1222 393 325 1816 981 189 131 2017 1002 199 114 2217 1000 225 119 2408 968 278 148 139 894 173 109 1503 1002 138 117 2102 900 135 73 2445 800 125 75
20160107_110338.jpg 24 91 1211 288 319 108 1396 358 380 452 1181 264 288 550 1320 358 386 768 1109 327 308 931 1274 412 369 1098 1146 302 227 1346 1124 343 238 2743 946 250 105 2765 1061 486 206 2624 852 186 84 2249 846 167 68 2017 937 210 105 1022 957 210 144 848 985 223 136 626 950 245 188 537 900 175 166 250 902 271 112 1209 965 217 123 2176 902 229 125 2156 826 175 77 1040 852 129 77 709 813 123 95 1279 833 136 92
20160107_102618.jpg 3 1086 949 241 161 1734 930 160 135 1966 924 205 144
20160107_104536.jpg 4 1201 898 78 56 851 981 578 483 1596 988 668 466 2154 978 779 460
20160107_103028.jpg 5 1383 1090 167 179 1938 1128 262 195 1855 1144 182 132 2502 1125 504 281 586 1122 431 166
20160107_101524.jpg 3 1016 835 339 233 1418 710 890 515 844 892 170 116
20160107_103345.jpg 3 583 809 699 543 1373 793 648 559 1845 765 970 549
20160107_110115.jpg 4 2307 806 699 485 1600 816 756 415 66 816 623 224 1128 819 728 380
IMG_1727.jpg 4 2273 719 926 733 1269 753 838 690 403 583 719 347 401 800 918 596
20160107_101520.jpg 1 1020 694 1065 868
20160107_101540.jpg 1 1160 663 833 699
20160107_102849.jpg 1 876 564 1553 925
20160107_111554.jpg 5 1072 1007 243 159 1309 983 167 127 1442 937 212 95 1436 1002 316 175 1877 1022 482 264
20160107_103724.jpg 4 76 949 632 559 774 949 721 499 1278 879 814 451 2460 892 505 234
20160107_110051.jpg 3 2432 924 705 629 1730 991 763 482 1214 984 747 457
20160107_105850.jpg 4 2110 1096 453 192 1842 1122 374 125 1679 1122 256 99 898 1099 65 55
20160107_104515.jpg 4 2642 1042 138 109 675 1160 760 463 1412 1150 558 489 2122 1173 626 536
20160107_102702.jpg 3 726 959 126 97 1118 937 441 339 1507 902 556 338
20160107_104834.jpg 5 105 1176 539 256 615 1169 390 263 1102 1141 333 262 1510 1141 393 252 1887 1153 415 228
20160107_103904.jpg 1 643 742 811 444
20160107_111103.jpg 6 2300 1113 549 454 1723 1037 273 136 1407 1024 230 129 1231 1105 647 338 916 1078 569 313 448 1015 708 326
20160107_101629.jpg 1 1749 825 448 403
20160107_111413.jpg 3 1832 1161 601 288 654 1131 378 125 69 1118 380 125
20160107_110045.jpg 4 299 984 801 543 930 956 677 590 1765 994 601 524 2346 1042 858 466
20160107_104645.jpg 3 1192 1096 664 431 1861 1071 588 485 2537 991 670 575
20160107_105128.jpg 4 2371 965 307 170 1657 978 699 486 1134 1007 553 453 376 972 616 476
20160107_101752.jpg 4 1208 841 303 243 1542 844 142 126 1539 822 285 125 1832 847 97 84
20160107_110146.jpg 6 2783 461 453 301 2389 530 501 230 1346 700 1398 849 883 709 1026 616 128 685 832 405 1492 524 408 205
20160107_101506.jpg 4 366 1004 352 265 835 1020 275 185 1007 1032 351 205 1224 953 788 440
20160107_103435.jpg 3 149 1004 632 351 1399 969 715 332 2091 953 361 166
20160107_104439.jpg 9 1603 1201 157 135 213 1176 428 227 596 1122 351 284 949 1131 339 253 1335 1173 278 240 1711 1198 326 218 1995 1166 438 259 2304 1208 422 230 2562 1217 502 227
20160107_111148.jpg 4 319 1035 706 382 1061 1037 210 158 2091 1057 529 286 2582 1057 328 129
IMG_1721.jpg 2 2130 1140 665 395 124 997 1944 781
20160107_105843.jpg 3 943 1061 715 352 573 1109 444 253 255 1173 307 169
20160107_101341.jpg 2 1848 685 224 202 554 592 1391 1018
20160107_103022.jpg 3 213 803 632 441 949 669 515 508 1402 698 884 485
20160107_104813.jpg 5 204 933 488 183 1765 969 623 431 1134 972 744 396 2384 975 594 514 946 892 320 154
20160107_110658.jpg 1 15 1098 836 445
20160107_103448.jpg 2 0 949 781 435 567 867 868 453
20160107_104726.jpg 3 1096 714 823 440 1753 774 743 310 2868 685 269 128
20160107_111302.jpg 3 1220 924 445 306 1777 898 759 290 2602 920 414 168
20160107_110013.jpg 2 2671 1026 587 250 232 1128 789 492
20160107_103813.jpg 4 2652 927 552 419 2145 962 539 355 1718 972 530 319 1278 933 584 358
20160107_103320.jpg 3 612 879 686 534 1440 953 489 450 2049 857 706 543
20160107_103313.jpg 4 647 787 638 501 1399 768 578 527 1960 844 737 470 2463 841 773 438
20160107_103331.jpg 4 98 908 782 457 812 809 683 543 1536 854 527 466 2122 851 738 447
20160107_103344.jpg 1 2145 905 941 469
20160107_102853.jpg 4 1039 828 833 479 1998 873 345 202 2326 860 336 218 2715 812 304 260
20160107_105102.jpg 4 89 809 842 521 882 889 604 466 1606 886 597 501 2173 892 738 486
20160107_103513.jpg 4 1523 675 540 275 1985 688 454 202 2384 694 291 151 2604 707 294 148
20160107_103433.jpg 3 210 828 779 508 1032 822 642 530 1734 777 673 479
20160107_104815.jpg 4 137 902 731 447 854 892 543 470 1507 886 473 431 1973 879 670 428
20160107_111141.jpg 5 1107 1063 180 169 857 1115 310 256 106 1179 582 431 1414 1148 551 401 1793 1122 686 364
20160107_110249.jpg 10 1884 748 369 227 2417 709 343 168 2043 883 332 240 202 902 295 264 1734 900 318 264 1877 1044 317 273 2448 878 366 288 2848 920 329 251 2421 1129 389 294 1481 1033 339 268
20160107_111119.jpg 4 2421 1094 552 212 1175 1094 647 360 772 1165 554 328 187 1152 708 400
20160107_104703.jpg 2 401 742 795 572 1013 739 884 470
20160107_111253.jpg 2 437 813 934 647 1951 796 889 405
20160107_101543.jpg 1 860 599 1040 804
20160107_101415.jpg 5 1122 972 233 135 1428 972 160 109 2674 918 285 211 1992 984 112 84 2377 965 59 43
20160107_103935.jpg 1 1816 1096 833 565