20151218_150645.jpg 1 2016 1895 349 158
20151217_135603.jpg 4 3095 1508 386 188 3395 1783 978 657 1589 1617 543 402 1200 1591 364 305
20151217_134748.jpg 1 3250 1547 543 430
20151217_134911.jpg 2 2983 1187 812 482 1580 1196 1068 545
20151217_134827.jpg 3 1232 1617 781 375 2330 1610 669 324 3187 1487 249 116
20151217_155212.jpg 3 3344 1534 362 194 2299 1534 287 162 148 1651 307 184
20151217_135434.jpg 4 4049 1481 348 169 3622 1462 303 154 2575 1634 555 264 1878 1647 487 207
20151218_150032.jpg 11 743 1572 201 122 1017 1572 224 118 1368 1574 213 112 1667 1576 239 108 2018 1570 254 114 2403 1564 258 124 2747 1572 262 135 3161 1581 256 118 3582 1579 281 130 4000 1598 290 122 4430 1589 302 137
20151217_134603.jpg 6 505 1300 184 88 1886 1306 314 120 2184 1430 330 145 3236 1368 421 169 3512 1141 192 92 3826 1153 216 82
20151217_134424.jpg 1 3431 1421 203 76
20151217_135127.jpg 1 3884 1481 670 436
20151217_134158.jpg 2 3321 312 211 88 203 495 465 207
20151217_135400.jpg 10 4691 1600 532 232 3930 1549 490 226 3352 1474 395 231 2859 1485 352 167 2364 1462 301 181 1952 1436 297 171 1568 1442 234 159 1206 1440 239 146 830 1445 220 137 467 1487 233 110
20151217_134715.jpg 3 2498 1506 528 267 1631 1494 335 137 790 1417 124 54
20151218_150135.jpg 3 803 1789 653 413 1606 1604 504 409 2473 1666 271 239
20151217_135453.jpg 1 537 1338 254 144
20151217_135525.jpg 1 4085 1464 276 128
20151217_134703.jpg 3 2573 1712 234 131 3425 1723 281 135 2961 1630 129 79
20151217_135456.jpg 3 2377 1476 345 189 1837 1500 365 207 1194 1557 481 250
20151217_134409.jpg 4 665 1600 345 118 2772 1545 312 137 2033 1506 184 74 1752 1466 112 63
20151217_135615.jpg 4 342 2127 1061 604 1825 2252 749 403 3569 2218 439 314 4202 2218 358 269
20151217_134626.jpg 4 3911 1353 180 93 4173 1328 196 115 2666 1523 347 176 1406 1466 248 133
20151217_135835.jpg 7 1746 1506 352 182 2237 1536 371 173 2832 1519 362 211 3580 2176 547 290 3894 1634 339 171 4438 1712 373 171 3386 1574 375 205
20151218_150705.jpg 2 3488 1557 412 188 4453 1506 237 116
20151217_134515.jpg 6 121 1938 638 239 994 1772 530 279 1765 1723 426 220 2201 1698 349 194 2821 1693 243 118 4247 1749 226 141
20151217_154439.jpg 2 3873 1766 199 88 1833 1793 197 95
20151217_134849.jpg 1 2024 1647 329 236
20151217_135100.jpg 1 3435 1472 505 297
20151217_134548.jpg 2 2938 2029 254 222 5040 1946 190 84
20151217_134918.jpg 1 2014 1502 1932 1174
20151217_135132.jpg 2 3607 1183 543 235 4445 1228 676 232
20151217_134648.jpg 4 3856 1372 511 233 3265 1464 439 167 2715 1455 388 169 1487 1476 275 116
20151217_135315.jpg 5 2927 1668 297 175 2526 1672 252 143 2163 1666 247 132 1415 1634 149 116 3801 1681 434 175
20151217_135601.jpg 3 2209 1623 509 184 1340 1381 624 320 3552 1768 817 462
20151216_153701.jpg 6 354 2184 401 206 1087 2088 419 249 2107 2046 358 188 2454 2014 326 164 4717 2017 302 132 4253 1844 100 51
20151217_155218.jpg 4 3325 1528 470 211 2866 1453 366 184 1857 1160 215 116 2511 735 109 54
20151217_134427.jpg 2 2624 1457 164 86 2915 1474 175 78
20151218_145740.jpg 2 599 1755 944 611 2503 1717 130 84
20151217_134832.jpg 4 3284 1215 299 186 2864 1345 275 113 2524 1315 292 133 1963 1298 347 167
20151217_135113.jpg 6 3093 1653 343 167 2709 1589 258 175 2371 1570 292 175 2005 1538 248 175 1678 1570 207 139 1489 1572 188 129
20151217_135247.jpg 1 2496 1613 1380 889
20151217_134921.jpg 1 2845 1115 1048 798
20151217_134822.jpg 5 1699 1957 1304 681 1270 1311 207 145 684 1347 213 101 4502 1519 192 78 4908 1517 164 73
20151217_154624.jpg 2 1389 1785 279 190 4113 1702 360 162
20151217_155226.jpg 4 1168 1681 313 149 611 1674 403 192 44 1780 401 186 2626 1615 196 160
20151217_134403.jpg 3 1744 1593 313 131 10 1608 216 88 1287 1564 184 77
20151217_134513.jpg 5 1752 1719 484 266 947 1848 592 220 2466 1704 418 226 2883 1704 356 194 3516 1734 260 126
20151217_134354.jpg 4 1243 1525 241 89 2845 1504 290 120 3603 1836 951 370 1706 1496 154 64
20151217_155100.jpg 6 393 777 468 248 1085 779 471 242 1820 762 441 250 616 1245 628 256 1519 1128 640 313 2381 1385 679 309
20151217_134609.jpg 6 4442 1604 864 498 3344 1476 662 397 2428 1357 532 380 1942 1313 389 252 1251 1204 386 244 682 1153 268 176
20151217_134654.jpg 1 2228 1774 256 152
20151217_134925.jpg 1 654 1453 298 199
20151217_130212.jpg 5 3920 1020 296 139 3325 1060 298 171 2267 1245 349 184 1704 1394 375 194 2804 1134 333 207
20151217_135115.jpg 1 4347 1283 256 143
20151218_145802.jpg 1 2571 1865 190 112
20151217_135225.jpg 1 1155 1468 441 303
20151217_135538.jpg 1 1695 1421 885 628
20151217_135443.jpg 8 144 1819 573 264 1005 1810 523 237 1789 1795 477 239 2524 1789 481 216 3221 1772 462 235 3892 1772 430 226 4544 1780 452 244 2135 1606 211 105
20151217_134420.jpg 4 3435 1657 246 129 2800 1644 213 97 2067 1619 177 75 1818 1600 148 60
20151217_135343.jpg 5 3820 1636 515 277 3117 1632 415 224 2490 1666 398 188 1757 1553 275 180 4642 1672 605 330
20151217_134501.jpg 5 325 1277 366 147 643 1289 414 195 2039 1419 286 169 2645 1436 385 260 3040 1472 611 401
20151217_134733.jpg 3 4255 1504 900 358 3467 1387 651 360 1944 1583 632 500
20151216_153712.jpg 3 548 1288 380 199 99 1352 461 220 2801 1143 231 97
20151217_135419.jpg 8 4897 2038 352 177 2885 1916 201 99 2575 1899 207 103 1034 1914 458 235 242 1899 479 235 2294 1876 197 109 1990 1970 312 137 3442 2035 313 125
20151217_135120.jpg 6 3654 1557 734 373 2779 1642 594 271 2046 1551 460 239 1423 1496 505 260 735 1428 449 275 127 1447 379 224
20151218_150739.jpg 5 4651 1309 489 224 3533 1211 379 188 2503 1190 255 149 2231 1187 219 131 1948 1204 190 112
20151217_135213.jpg 6 1066 1296 379 211 1595 1232 375 188 2050 1243 301 166 2401 1211 239 156 2764 1209 196 132 295 1268 358 127
20151217_135801.jpg 10 4672 1408 235 133 4300 1415 228 105 4015 1396 205 103 3474 1377 185 86 3225 1343 160 98 3911 1306 163 61 2163 1647 185 90 832 1500 140 90 1060 1523 139 71 1168 1266 112 63
20151216_153715.jpg 1 2004 2177 238 107
20151217_134436.jpg 3 3372 1944 262 177 932 1647 575 366 3807 2069 288 178
20151217_135346.jpg 1 3973 1791 315 214
20151217_135125.jpg 3 847 1472 1017 520 2218 1498 885 432 3646 1613 995 396
20151217_135402.jpg 6 176 1655 524 241 1000 1619 452 228 1638 1617 356 188 2318 1619 339 169 2730 1608 309 169 3136 1615 277 152
20151217_130231.jpg 1 2683 1933 532 210
20151217_135448.jpg 9 3219 1670 181 97 2976 1647 167 90 2177 1593 135 80 320 1789 350 156 781 1810 378 212 1200 1861 352 197 1721 1876 417 239 2490 1908 441 256 3063 2001 511 280
20151216_153711.jpg 4 1466 1185 348 182 2107 1115 372 224 3056 1090 355 181 3399 1069 327 156
20151217_134154.jpg 2 1808 1959 237 118 728 1963 222 99
20151218_150744.jpg 3 1976 1311 394 192 907 1279 392 179 3720 952 186 105
20151217_134342.jpg 1 4731 1368 293 214
20151217_135823.jpg 7 184 1436 611 284 1162 1398 577 332 2086 1485 558 307 2866 1545 515 251 3699 1644 562 261 4551 1572 534 297 2384 2401 848 441
20151217_134201.jpg 3 3242 1381 196 79 199 1562 450 205 3236 1279 117 45
20151217_135450.jpg 5 4183 1961 488 326 4687 1685 162 99 3675 1904 346 209 3308 1819 332 222 2944 1776 271 163
20151217_135311.jpg 4 1795 1855 360 209 2743 1823 277 145 3066 1755 222 128 3327 1712 186 129
20151217_134829.jpg 4 1045 1528 466 226 1850 1489 647 314 2866 1583 694 358 3981 1625 777 397
20151217_135234.jpg 1 3522 1687 1106 696
20151218_150022.jpg 8 3981 1802 1021 415 2666 1938 851 343 2269 1623 324 161 1808 1647 302 147 1281 1638 328 160 877 1638 322 146 465 1653 303 131 19 1668 292 128
20151218_150100.jpg 6 393 1761 513 239 1145 1742 464 233 2913 1685 377 169 3531 1668 298 162 3899 1670 315 167 4642 1659 214 139
20151217_135536.jpg 3 3737 1394 1408 615 2639 1440 757 492 1457 1330 698 437
20151217_134623.jpg 4 4102 1332 227 97 3841 1447 284 150 3189 1712 798 494 1478 1742 1070 558
20151217_155038.jpg 2 1820 1557 637 365 2853 731 632 334
20151217_135549.jpg 2 3193 1916 1257 743 2418 1534 557 286
20151217_135242.jpg 1 2137 1268 1089 771
20151217_134900.jpg 4 3820 1445 949 502 2736 1434 664 392 2139 1408 422 269 1466 1360 351 239
20151217_155240.jpg 7 3994 1502 254 169 3580 1517 262 179 2511 1555 288 144 2012 1553 332 137 1429 1513 414 196 875 1585 392 169 189 1572 438 216
20151217_135542.jpg 2 3153 1449 1101 713 1988 1481 711 443
20151218_150732.jpg 6 686 1817 271 154 1340 1761 235 125 597 2180 451 224 3206 1738 245 118 3811 2297 660 266 4207 1721 262 139
20151218_150116.jpg 4 4224 1853 838 464 3567 1838 505 322 2723 1785 409 234 2067 1808 313 218
20151217_134332.jpg 1 3318 1032 382 156
20151217_155252.jpg 1 635 1479 441 181
20151217_134823.jpg 5 1200 1417 131 56 2180 1489 315 159 2681 1466 301 173 3556 1570 239 88 3178 1502 173 73
20151218_150622.jpg 3 3127 1672 373 226 2698 1640 347 252 2039 1636 267 196
20151217_134842.jpg 3 3270 1483 515 303 2602 1647 456 179 1999 1608 447 182
20151217_135811.jpg 8 1765 2477 889 460 1980 1442 566 297 2766 1498 541 254 3644 1602 576 256 4506 1511 592 311 3350 609 365 150 1036 1364 579 330 53 1417 598 273
20151217_135825.jpg 1 2282 1007 417 279
20151216_153733.jpg 5 1880 1846 309 184 2832 1732 237 107 3444 1528 139 52 3529 1634 224 99 2369 1579 115 58
20151216_153720.jpg 4 2942 1715 188 115 3301 1751 203 115 3580 1751 256 113 3964 1772 280 139
20151217_155147.jpg 1 1731 881 184 110
20151217_134835.jpg 1 3420 1364 259 109
20151217_134449.jpg 9 2857 2431 664 436 699 2018 387 199 1442 1955 348 183 1933 1946 275 144 2728 1902 181 115 3036 1891 154 94 3565 1872 148 82 2248 1819 105 56 2978 1787 118 56
20151218_150105.jpg 2 3801 1882 1497 1019 3510 1710 243 133
20151218_150713.jpg 5 565 1868 568 279 2163 1791 366 220 2840 1800 337 190 3452 1685 197 99 1517 1719 173 77
20151217_135341.jpg 8 718 1965 528 256 1531 1953 514 277 2275 1912 507 284 3076 1967 496 252 3886 1987 513 224 4695 1978 503 254 2479 1706 209 88 2139 1678 218 114
20151217_135153.jpg 3 1708 1258 526 260 2490 1343 447 241 3131 1357 433 244
20151217_134645.jpg 6 2605 1330 262 141 2819 1383 505 177 3525 1351 496 192 1442 1345 469 211 841 1432 454 177 233 1438 437 182
20151218_150626.jpg 3 1878 1394 130 66 1147 1468 186 109 1512 1459 176 101
20151217_135540.jpg 2 1661 1827 1484 783 533 1630 851 581
20151217_155210.jpg 2 4625 1419 369 214 2579 1394 239 171
20151217_135211.jpg 3 4374 1644 526 250 3748 1568 436 243 3182 1659 346 169
20151217_135435.jpg 4 1077 1638 759 354 2156 1619 528 279 2868 1534 543 271 3684 1340 451 320
20151217_155030.jpg 4 2488 1566 309 133 3244 1738 326 111 3760 1715 343 194 1797 1474 252 108
20151217_135155.jpg 4 3616 1498 381 211 3204 1494 292 171 2900 1485 307 171 2611 1449 235 179
20151217_135621.jpg 5 1075 1925 732 328 2116 1840 541 352 2808 1897 465 278 3372 1925 368 222 3884 1997 381 188
20151217_135433.jpg 1 3085 1583 615 464
20151217_134913.jpg 4 1053 1343 807 489 2611 1374 640 390 3499 1330 551 362 4028 1302 458 297
20151216_153741.jpg 8 4315 1402 494 222 3231 1374 380 203 2849 1408 271 142 1699 1423 176 108 964 1449 158 92 733 1449 162 88 580 1479 132 84 308 1466 137 88
20151217_135534.jpg 3 879 1311 645 324 1636 1630 961 483 2520 1442 413 184
20151217_134156.jpg 3 4173 635 413 186 3161 643 382 227 2624 722 315 175
20151218_150012.jpg 4 4077 1364 662 311 3435 1513 471 203 2847 1421 377 220 2415 1445 322 179
20151217_135631.jpg 5 4102 1649 592 309 3287 1717 540 237 2513 1617 471 239 1837 1557 507 265 1034 1491 501 290
20151217_134802.jpg 3 4821 1644 171 78 4532 1644 171 65 849 1608 252 125
20151218_150045.jpg 9 240 1736 389 175 835 1742 434 154 1432 1698 419 171 2112 1676 385 178 2639 1678 381 184 3187 1672 353 175 3782 1651 364 181 4264 1676 345 156 4785 1649 334 173
20151216_153739.jpg 5 3739 2027 175 116 2526 1919 105 88 3059 1970 139 88 2866 1946 135 86 2736 1963 118 73
20151216_153736.jpg 6 12 1795 184 101 849 1814 199 114 2116 1848 262 152 2511 1836 349 207 3503 1908 435 218 4094 1933 466 222
20151217_134455.jpg 3 3093 1800 1163 734 2226 1634 522 415 1789 1551 245 175
20151218_150122.jpg 4 208 1829 976 473 1423 1738 639 383 2299 1742 472 311 2874 1732 343 258
20151217_154441.jpg 3 407 1600 140 79 1440 1623 169 86 3522 1681 203 100
20151217_155104.jpg 9 771 809 273 146 1183 809 281 146 1623 807 260 139 1442 1026 384 177 905 1092 390 147 1942 1164 417 201 3310 1139 413 213 3631 988 341 169 3616 2588 564 318
20151217_135217.jpg 7 905 1661 477 259 1536 1508 315 127 2214 1530 326 207 2668 1451 365 199 3104 1449 303 184 3454 1421 244 165 3841 1423 218 127
20151218_150615.jpg 1 3867 1763 1365 970
20151217_134130.jpg 3 1982 1855 271 143 2345 1810 350 212 3335 1853 429 198
20151217_134713.jpg 1 1323 1338 577 278
20151218_150628.jpg 4 4557 1315 156 77 4164 1377 186 94 1704 1491 336 152 3797 1364 185 103
20151217_155302.jpg 3 3401 1502 977 537 2197 1215 897 581 1306 1364 696 417
20151217_130221.jpg 1 1036 1472 575 290
20151217_134726.jpg 2 718 1715 797 381 2825 1459 399 235
20151217_134521.jpg 6 3189 2312 1193 515 4166 1602 169 71 2430 1623 120 61 1933 1649 124 71 1576 1666 169 96 1049 1698 226 103
20151218_150742.jpg 1 1527 1219 375 167
20151217_135606.jpg 2 2579 1357 498 395 1357 1389 872 607
20151216_153746.jpg 5 2415 2010 309 184 3372 1908 251 131 4005 1717 156 62 2883 1766 124 69 2622 1791 139 73
20151216_153657.jpg 5 1547 2375 256 114 832 2364 227 136 1246 2396 228 122 3208 2400 295 153 1926 2379 263 135
20151217_135510.jpg 6 4253 1600 265 107 3784 1606 296 139 3425 1613 264 139 3038 1638 245 122 116 1761 231 131 3287 1882 464 229
20151217_135358.jpg 8 4717 1842 334 171 4073 1806 317 184 3595 1797 351 188 3055 1808 337 175 2594 1897 379 152 1918 1853 403 173 1230 1819 455 203 588 1759 443 235
20151217_134526.jpg 4 1132 1814 216 150 1491 1776 224 154 1876 1757 203 131 2137 1763 175 114
20151217_155118.jpg 3 2634 992 209 141 2970 947 233 161 1170 1141 292 190
20151217_135339.jpg 4 575 2184 541 263 1389 2091 432 275 2020 2093 418 237 3180 2072 244 147
20151217_135831.jpg 5 883 1207 212 113 1761 1275 177 120 2418 1300 228 141 3110 1355 260 157 3510 1381 262 165
20151217_135757.jpg 12 3236 1596 296 154 4187 1289 212 97 3877 1315 207 90 3576 1281 183 84 3306 1260 194 90 3002 1234 188 105 2694 1247 188 94 2443 1243 177 88 1931 1238 177 86 1674 1213 162 92 454 1585 235 99 2343 1158 146 62
20151218_150650.jpg 2 278 2076 1312 558 3858 1277 458 254
20151216_153708.jpg 3 1281 1338 317 149 3226 1316 326 168 3870 1285 412 234
20151217_134139.jpg 4 1183 1572 148 90 3019 1508 264 142 3384 1457 369 212 4483 1472 496 212
20151217_135313.jpg 6 178 1734 386 166 764 1670 441 184 2726 1532 296 130 3163 1585 443 205 4606 1504 443 246 3637 1402 203 97
20151217_135110.jpg 1 3624 1583 520 281
20151217_155319.jpg 3 3367 1746 717 231 1204 1681 620 341 363 1819 581 281
20151217_155258.jpg 5 3457 1644 379 222 3027 1700 299 130 2551 1668 267 137 2216 1581 243 175 1965 1630 192 120
20151217_135249.jpg 1 605 1334 1420 807
20151217_155230.jpg 1 3616 1534 290 184
20151217_134758.jpg 2 3270 1088 143 71 3029 1102 140 57
20151217_135806.jpg 4 1644 1447 279 188 1094 2120 379 271 1678 2225 388 239 3338 2577 491 280
20151217_135546.jpg 2 331 1621 1189 709 1676 1262 670 509